[(1, 1)]
[(1, 1), (1, 2)]
[(1, 1), (1, 2), (1, 3)]
[(1, 1), (1, 2), (1, 3), (2, 3)]
[(1, 1), (1, 2), (1, 3), (2, 3), (3, 3)]
[(1, 1), (1, 2), (1, 3), (2, 3), (3, 3), (4, 3)]
[(1, 1), (1, 2), (1, 3), (2, 3), (3, 3), (4, 3), (5, 3)]
[(1, 1), (1, 2), (1, 3), (2, 3), (3, 3), (4, 3), (5, 3), (6, 3)]
[(1, 1), (1, 2), (1, 3), (2, 3), (3, 3), (4, 3), (5, 3), (6, 3), (7, 3)]
[(1, 1), (1, 2), (1, 3), (2, 3), (3, 3), (4, 3), (5, 3), (6, 3), (7, 3), (5, 4)]
[(1, 1), (1, 2), (1, 3), (2, 3), (3, 3), (4, 3), (5, 3), (6, 3), (7, 3), (5, 4), (5, 5)]
[(1, 1), (1, 2), (1, 3), (2, 3), (3, 3), (4, 3), (5, 3), (6, 3), (7, 3), (5, 4), (5, 5), (5, 6)]
[(1, 1), (1, 2), (1, 3), (2, 3), (3, 3), (4, 3), (5, 3), (6, 3), (7, 3), (5, 4), (5, 5), (5, 6), (5, 7)]
[(1, 1), (1, 2), (1, 3), (2, 3), (3, 3), (4, 3), (5, 3), (6, 3), (7, 3), (5, 4), (5, 5), (5, 6), (5, 7), (5, 8)]
[(1, 1), (1, 2), (1, 3), (2, 3), (3, 3), (4, 3), (5, 3), (6, 3), (7, 3), (5, 4), (5, 5), (5, 6), (5, 7), (5, 8), (5, 9)]
[(1, 1), (1, 2), (1, 3), (2, 3), (3, 3), (4, 3), (5, 3), (6, 3), (7, 3), (5, 4), (5, 5), (5, 6), (5, 7), (5, 8), (5, 9), (5, 10)]
[(1, 1), (1, 2), (1, 3), (2, 3), (3, 3), (4, 3), (5, 3), (6, 3), (7, 3), (5, 4), (5, 5), (5, 6), (5, 7), (5, 8), (5, 9), (5, 10), (5, 11)]
[(1, 1), (1, 2), (1, 3), (2, 3), (3, 3), (4, 3), (5, 3), (6, 3), (7, 3), (5, 4), (5, 5), (5, 6), (5, 7), (5, 8), (5, 9), (5, 10), (5, 11), (6, 11)]
[(1, 1), (1, 2), (1, 3), (2, 3), (3, 3), (4, 3), (5, 3), (6, 3), (7, 3), (5, 4), (5, 5), (5, 6), (5, 7), (5, 8), (5, 9), (5, 10), (5, 11), (6, 11), (7, 11)]
[(1, 1), (1, 2), (1, 3), (2, 3), (3, 3), (4, 3), (5, 3), (6, 3), (7, 3), (5, 4), (5, 5), (5, 6), (5, 7), (5, 8), (5, 9), (5, 10), (5, 11), (6, 11), (7, 11), (8, 11)]
[(1, 1), (1, 2), (1, 3), (2, 3), (3, 3), (4, 3), (5, 3), (6, 3), (7, 3), (5, 4), (5, 5), (5, 6), (5, 7), (5, 8), (5, 9), (5, 10), (5, 11), (6, 11), (7, 11), (8, 11), (9, 11)]
[(1, 1), (1, 2), (1, 3), (2, 3), (3, 3), (4, 3), (5, 3), (6, 3), (7, 3), (5, 4), (5, 5), (5, 6), (5, 7), (5, 8), (5, 9), (5, 10), (5, 11), (6, 11), (7, 11), (8, 11), (9, 11), (10, 11)]
[(1, 1), (1, 2), (1, 3), (2, 3), (3, 3), (4, 3), (5, 3), (6, 3), (7, 3), (5, 4), (5, 5), (5, 6), (5, 7), (5, 8), (5, 9), (5, 10), (5, 11), (6, 11), (7, 11), (8, 11), (9, 11), (10, 11), (11, 11)]
[(1, 1), (1, 2), (1, 3), (2, 3), (3, 3), (4, 3), (5, 3), (6, 3), (7, 3), (5, 4), (5, 5), (5, 6), (5, 7), (5, 8), (5, 9), (5, 10), (5, 11), (6, 11), (7, 11), (8, 11), (9, 11), (10, 11), (11, 11), (11, 10)]
[(1, 1), (1, 2), (1, 3), (2, 3), (3, 3), (4, 3), (5, 3), (6, 3), (7, 3), (5, 4), (5, 5), (5, 6), (5, 7), (5, 8), (5, 9), (5, 10), (5, 11), (6, 11), (7, 11), (8, 11), (9, 11), (10, 11), (11, 11), (11, 10), (11, 9)]
[(1, 1), (1, 2), (1, 3), (2, 3), (3, 3), (4, 3), (5, 3), (6, 3), (7, 3), (5, 4), (5, 5), (5, 6), (5, 7), (5, 8), (5, 9), (5, 10), (5, 11), (6, 11), (7, 11), (8, 11), (9, 11), (10, 11), (11, 11), (11, 10), (11, 9), (10, 9)]
[(1, 1), (1, 2), (1, 3), (2, 3), (3, 3), (4, 3), (5, 3), (6, 3), (7, 3), (5, 4), (5, 5), (5, 6), (5, 7), (5, 8), (5, 9), (5, 10), (5, 11), (6, 11), (7, 11), (8, 11), (9, 11), (10, 11), (11, 11), (11, 10), (11, 9), (10, 9), (8, 10)]
[(1, 1), (1, 2), (1, 3), (2, 3), (3, 3), (4, 3), (5, 3), (6, 3), (7, 3), (5, 4), (5, 5), (5, 6), (5, 7), (5, 8), (5, 9), (5, 10), (5, 11), (6, 11), (7, 11), (8, 11), (9, 11), (10, 11), (11, 11), (11, 10), (11, 9), (10, 9), (8, 10), (9, 9)]
[(1, 1), (1, 2), (1, 3), (2, 3), (3, 3), (4, 3), (5, 3), (6, 3), (7, 3), (5, 4), (5, 5), (5, 6), (5, 7), (5, 8), (5, 9), (5, 10), (5, 11), (6, 11), (7, 11), (8, 11), (9, 11), (10, 11), (11, 11), (11, 10), (11, 9), (10, 9), (8, 10), (9, 9), (8, 9)]
[(1, 1), (1, 2), (1, 3), (2, 3), (3, 3), (4, 3), (5, 3), (6, 3), (7, 3), (5, 4), (5, 5), (5, 6), (5, 7), (5, 8), (5, 9), (5, 10), (5, 11), (6, 11), (7, 11), (8, 11), (9, 11), (10, 11), (11, 11), (11, 10), (11, 9), (10, 9), (8, 10), (9, 9), (8, 9), (8, 9)]
[(1, 1), (1, 2), (1, 3), (2, 3), (3, 3), (4, 3), (5, 3), (6, 3), (7, 3), (5, 4), (5, 5), (5, 6), (5, 7), (5, 8), (5, 9), (5, 10), (5, 11), (6, 11), (7, 11), (8, 11), (9, 11), (10, 11), (11, 11), (11, 10), (11, 9), (10, 9), (8, 10), (9, 9), (8, 9), (8, 9), (7, 9)]
[(1, 1), (1, 2), (1, 3), (2, 3), (3, 3), (4, 3), (5, 3), (6, 3), (7, 3), (5, 4), (5, 5), (5, 6), (5, 7), (5, 8), (5, 9), (5, 10), (5, 11), (6, 11), (7, 11), (8, 11), (9, 11), (10, 11), (11, 11), (11, 10), (11, 9), (10, 9), (8, 10), (9, 9), (8, 9), (8, 9), (7, 9), (7, 9)]
[(1, 1), (1, 2), (1, 3), (2, 3), (3, 3), (4, 3), (5, 3), (6, 3), (7, 3), (5, 4), (5, 5), (5, 6), (5, 7), (5, 8), (5, 9), (5, 10), (5, 11), (6, 11), (7, 11), (8, 11), (9, 11), (10, 11), (11, 11), (11, 10), (11, 9), (10, 9), (8, 10), (9, 9), (8, 9), (8, 9), (7, 9), (7, 9), (4, 11)]
[(1, 1), (1, 2), (1, 3), (2, 3), (3, 3), (4, 3), (5, 3), (6, 3), (7, 3), (5, 4), (5, 5), (5, 6), (5, 7), (5, 8), (5, 9), (5, 10), (5, 11), (6, 11), (7, 11), (8, 11), (9, 11), (10, 11), (11, 11), (11, 10), (11, 9), (10, 9), (8, 10), (9, 9), (8, 9), (8, 9), (7, 9), (7, 9), (4, 11), (7, 8)]
[(1, 1), (1, 2), (1, 3), (2, 3), (3, 3), (4, 3), (5, 3), (6, 3), (7, 3), (5, 4), (5, 5), (5, 6), (5, 7), (5, 8), (5, 9), (5, 10), (5, 11), (6, 11), (7, 11), (8, 11), (9, 11), (10, 11), (11, 11), (11, 10), (11, 9), (10, 9), (8, 10), (9, 9), (8, 9), (8, 9), (7, 9), (7, 9), (4, 11), (7, 8), (7, 8)]
[(1, 1), (1, 2), (1, 3), (2, 3), (3, 3), (4, 3), (5, 3), (6, 3), (7, 3), (5, 4), (5, 5), (5, 6), (5, 7), (5, 8), (5, 9), (5, 10), (5, 11), (6, 11), (7, 11), (8, 11), (9, 11), (10, 11), (11, 11), (11, 10), (11, 9), (10, 9), (8, 10), (9, 9), (8, 9), (8, 9), (7, 9), (7, 9), (4, 11), (7, 8), (7, 8), (3, 11)]
[(1, 1), (1, 2), (1, 3), (2, 3), (3, 3), (4, 3), (5, 3), (6, 3), (7, 3), (5, 4), (5, 5), (5, 6), (5, 7), (5, 8), (5, 9), (5, 10), (5, 11), (6, 11), (7, 11), (8, 11), (9, 11), (10, 11), (11, 11), (11, 10), (11, 9), (10, 9), (8, 10), (9, 9), (8, 9), (8, 9), (7, 9), (7, 9), (4, 11), (7, 8), (7, 8), (3, 11), (7, 7)]
[(1, 1), (1, 2), (1, 3), (2, 3), (3, 3), (4, 3), (5, 3), (6, 3), (7, 3), (5, 4), (5, 5), (5, 6), (5, 7), (5, 8), (5, 9), (5, 10), (5, 11), (6, 11), (7, 11), (8, 11), (9, 11), (10, 11), (11, 11), (11, 10), (11, 9), (10, 9), (8, 10), (9, 9), (8, 9), (8, 9), (7, 9), (7, 9), (4, 11), (7, 8), (7, 8), (3, 11), (7, 7), (8, 7)]
[(1, 1), (1, 2), (1, 3), (2, 3), (3, 3), (4, 3), (5, 3), (6, 3), (7, 3), (5, 4), (5, 5), (5, 6), (5, 7), (5, 8), (5, 9), (5, 10), (5, 11), (6, 11), (7, 11), (8, 11), (9, 11), (10, 11), (11, 11), (11, 10), (11, 9), (10, 9), (8, 10), (9, 9), (8, 9), (8, 9), (7, 9), (7, 9), (4, 11), (7, 8), (7, 8), (3, 11), (7, 7), (8, 7), (9, 7)]
[(1, 1), (1, 2), (1, 3), (2, 3), (3, 3), (4, 3), (5, 3), (6, 3), (7, 3), (5, 4), (5, 5), (5, 6), (5, 7), (5, 8), (5, 9), (5, 10), (5, 11), (6, 11), (7, 11), (8, 11), (9, 11), (10, 11), (11, 11), (11, 10), (11, 9), (10, 9), (8, 10), (9, 9), (8, 9), (8, 9), (7, 9), (7, 9), (4, 11), (7, 8), (7, 8), (3, 11), (7, 7), (8, 7), (9, 7), (10, 7)]
[(1, 1), (1, 2), (1, 3), (2, 3), (3, 3), (4, 3), (5, 3), (6, 3), (7, 3), (5, 4), (5, 5), (5, 6), (5, 7), (5, 8), (5, 9), (5, 10), (5, 11), (6, 11), (7, 11), (8, 11), (9, 11), (10, 11), (11, 11), (11, 10), (11, 9), (10, 9), (8, 10), (9, 9), (8, 9), (8, 9), (7, 9), (7, 9), (4, 11), (7, 8), (7, 8), (3, 11), (7, 7), (8, 7), (9, 7), (10, 7), (11, 7)]
[(1, 1), (1, 2), (1, 3), (2, 3), (3, 3), (4, 3), (5, 3), (6, 3), (7, 3), (5, 4), (5, 5), (5, 6), (5, 7), (5, 8), (5, 9), (5, 10), (5, 11), (6, 11), (7, 11), (8, 11), (9, 11), (10, 11), (11, 11), (11, 10), (11, 9), (10, 9), (8, 10), (9, 9), (8, 9), (8, 9), (7, 9), (7, 9), (4, 11), (7, 8), (7, 8), (3, 11), (7, 7), (8, 7), (9, 7), (10, 7), (11, 7), (11, 6)]
[(1, 1), (1, 2), (1, 3), (2, 3), (3, 3), (4, 3), (5, 3), (6, 3), (7, 3), (5, 4), (5, 5), (5, 6), (5, 7), (5, 8), (5, 9), (5, 10), (5, 11), (6, 11), (7, 11), (8, 11), (9, 11), (10, 11), (11, 11), (11, 10), (11, 9), (10, 9), (8, 10), (9, 9), (8, 9), (8, 9), (7, 9), (7, 9), (4, 11), (7, 8), (7, 8), (3, 11), (7, 7), (8, 7), (9, 7), (10, 7), (11, 7), (11, 6), (11, 5)]
[(1, 1), (1, 2), (1, 3), (2, 3), (3, 3), (4, 3), (5, 3), (6, 3), (7, 3), (5, 4), (5, 5), (5, 6), (5, 7), (5, 8), (5, 9), (5, 10), (5, 11), (6, 11), (7, 11), (8, 11), (9, 11), (10, 11), (11, 11), (11, 10), (11, 9), (10, 9), (8, 10), (9, 9), (8, 9), (8, 9), (7, 9), (7, 9), (4, 11), (7, 8), (7, 8), (3, 11), (7, 7), (8, 7), (9, 7), (10, 7), (11, 7), (11, 6), (11, 5), (10, 5)]
[(1, 1), (1, 2), (1, 3), (2, 3), (3, 3), (4, 3), (5, 3), (6, 3), (7, 3), (5, 4), (5, 5), (5, 6), (5, 7), (5, 8), (5, 9), (5, 10), (5, 11), (6, 11), (7, 11), (8, 11), (9, 11), (10, 11), (11, 11), (11, 10), (11, 9), (10, 9), (8, 10), (9, 9), (8, 9), (8, 9), (7, 9), (7, 9), (4, 11), (7, 8), (7, 8), (3, 11), (7, 7), (8, 7), (9, 7), (10, 7), (11, 7), (11, 6), (11, 5), (10, 5), (7, 7)]
[(1, 1), (1, 2), (1, 3), (2, 3), (3, 3), (4, 3), (5, 3), (6, 3), (7, 3), (5, 4), (5, 5), (5, 6), (5, 7), (5, 8), (5, 9), (5, 10), (5, 11), (6, 11), (7, 11), (8, 11), (9, 11), (10, 11), (11, 11), (11, 10), (11, 9), (10, 9), (8, 10), (9, 9), (8, 9), (8, 9), (7, 9), (7, 9), (4, 11), (7, 8), (7, 8), (3, 11), (7, 7), (8, 7), (9, 7), (10, 7), (11, 7), (11, 6), (11, 5), (10, 5), (7, 7), (9, 5)]
[(1, 1), (1, 2), (1, 3), (2, 3), (3, 3), (4, 3), (5, 3), (6, 3), (7, 3), (5, 4), (5, 5), (5, 6), (5, 7), (5, 8), (5, 9), (5, 10), (5, 11), (6, 11), (7, 11), (8, 11), (9, 11), (10, 11), (11, 11), (11, 10), (11, 9), (10, 9), (8, 10), (9, 9), (8, 9), (8, 9), (7, 9), (7, 9), (4, 11), (7, 8), (7, 8), (3, 11), (7, 7), (8, 7), (9, 7), (10, 7), (11, 7), (11, 6), (11, 5), (10, 5), (7, 7), (9, 5), (8, 5)]
[(1, 1), (1, 2), (1, 3), (2, 3), (3, 3), (4, 3), (5, 3), (6, 3), (7, 3), (5, 4), (5, 5), (5, 6), (5, 7), (5, 8), (5, 9), (5, 10), (5, 11), (6, 11), (7, 11), (8, 11), (9, 11), (10, 11), (11, 11), (11, 10), (11, 9), (10, 9), (8, 10), (9, 9), (8, 9), (8, 9), (7, 9), (7, 9), (4, 11), (7, 8), (7, 8), (3, 11), (7, 7), (8, 7), (9, 7), (10, 7), (11, 7), (11, 6), (11, 5), (10, 5), (7, 7), (9, 5), (8, 5), (9, 4)]
[(1, 1), (1, 2), (1, 3), (2, 3), (3, 3), (4, 3), (5, 3), (6, 3), (7, 3), (5, 4), (5, 5), (5, 6), (5, 7), (5, 8), (5, 9), (5, 10), (5, 11), (6, 11), (7, 11), (8, 11), (9, 11), (10, 11), (11, 11), (11, 10), (11, 9), (10, 9), (8, 10), (9, 9), (8, 9), (8, 9), (7, 9), (7, 9), (4, 11), (7, 8), (7, 8), (3, 11), (7, 7), (8, 7), (9, 7), (10, 7), (11, 7), (11, 6), (11, 5), (10, 5), (7, 7), (9, 5), (8, 5), (9, 4), (7, 5)]
[(1, 1), (1, 2), (1, 3), (2, 3), (3, 3), (4, 3), (5, 3), (6, 3), (7, 3), (5, 4), (5, 5), (5, 6), (5, 7), (5, 8), (5, 9), (5, 10), (5, 11), (6, 11), (7, 11), (8, 11), (9, 11), (10, 11), (11, 11), (11, 10), (11, 9), (10, 9), (8, 10), (9, 9), (8, 9), (8, 9), (7, 9), (7, 9), (4, 11), (7, 8), (7, 8), (3, 11), (7, 7), (8, 7), (9, 7), (10, 7), (11, 7), (11, 6), (11, 5), (10, 5), (7, 7), (9, 5), (8, 5), (9, 4), (7, 5), (9, 3)]
[(1, 1), (1, 2), (1, 3), (2, 3), (3, 3), (4, 3), (5, 3), (6, 3), (7, 3), (5, 4), (5, 5), (5, 6), (5, 7), (5, 8), (5, 9), (5, 10), (5, 11), (6, 11), (7, 11), (8, 11), (9, 11), (10, 11), (11, 11), (11, 10), (11, 9), (10, 9), (8, 10), (9, 9), (8, 9), (8, 9), (7, 9), (7, 9), (4, 11), (7, 8), (7, 8), (3, 11), (7, 7), (8, 7), (9, 7), (10, 7), (11, 7), (11, 6), (11, 5), (10, 5), (7, 7), (9, 5), (8, 5), (9, 4), (7, 5), (9, 3), (10, 3)]
[(1, 1), (1, 2), (1, 3), (2, 3), (3, 3), (4, 3), (5, 3), (6, 3), (7, 3), (5, 4), (5, 5), (5, 6), (5, 7), (5, 8), (5, 9), (5, 10), (5, 11), (6, 11), (7, 11), (8, 11), (9, 11), (10, 11), (11, 11), (11, 10), (11, 9), (10, 9), (8, 10), (9, 9), (8, 9), (8, 9), (7, 9), (7, 9), (4, 11), (7, 8), (7, 8), (3, 11), (7, 7), (8, 7), (9, 7), (10, 7), (11, 7), (11, 6), (11, 5), (10, 5), (7, 7), (9, 5), (8, 5), (9, 4), (7, 5), (9, 3), (10, 3), (11, 3)]
[(1, 1), (1, 2), (1, 3), (2, 3), (3, 3), (4, 3), (5, 3), (6, 3), (7, 3), (5, 4), (5, 5), (5, 6), (5, 7), (5, 8), (5, 9), (5, 10), (5, 11), (6, 11), (7, 11), (8, 11), (9, 11), (10, 11), (11, 11), (11, 10), (11, 9), (10, 9), (8, 10), (9, 9), (8, 9), (8, 9), (7, 9), (7, 9), (4, 11), (7, 8), (7, 8), (3, 11), (7, 7), (8, 7), (9, 7), (10, 7), (11, 7), (11, 6), (11, 5), (10, 5), (7, 7), (9, 5), (8, 5), (9, 4), (7, 5), (9, 3), (10, 3), (11, 3), (12, 3)]
[(1, 1), (1, 2), (1, 3), (2, 3), (3, 3), (4, 3), (5, 3), (6, 3), (7, 3), (5, 4), (5, 5), (5, 6), (5, 7), (5, 8), (5, 9), (5, 10), (5, 11), (6, 11), (7, 11), (8, 11), (9, 11), (10, 11), (11, 11), (11, 10), (11, 9), (10, 9), (8, 10), (9, 9), (8, 9), (8, 9), (7, 9), (7, 9), (4, 11), (7, 8), (7, 8), (3, 11), (7, 7), (8, 7), (9, 7), (10, 7), (11, 7), (11, 6), (11, 5), (10, 5), (7, 7), (9, 5), (8, 5), (9, 4), (7, 5), (9, 3), (10, 3), (11, 3), (12, 3), (13, 3)]
[(1, 1), (1, 2), (1, 3), (2, 3), (3, 3), (4, 3), (5, 3), (6, 3), (7, 3), (5, 4), (5, 5), (5, 6), (5, 7), (5, 8), (5, 9), (5, 10), (5, 11), (6, 11), (7, 11), (8, 11), (9, 11), (10, 11), (11, 11), (11, 10), (11, 9), (10, 9), (8, 10), (9, 9), (8, 9), (8, 9), (7, 9), (7, 9), (4, 11), (7, 8), (7, 8), (3, 11), (7, 7), (8, 7), (9, 7), (10, 7), (11, 7), (11, 6), (11, 5), (10, 5), (7, 7), (9, 5), (8, 5), (9, 4), (7, 5), (9, 3), (10, 3), (11, 3), (12, 3), (13, 3), (13, 4)]
[(1, 1), (1, 2), (1, 3), (2, 3), (3, 3), (4, 3), (5, 3), (6, 3), (7, 3), (5, 4), (5, 5), (5, 6), (5, 7), (5, 8), (5, 9), (5, 10), (5, 11), (6, 11), (7, 11), (8, 11), (9, 11), (10, 11), (11, 11), (11, 10), (11, 9), (10, 9), (8, 10), (9, 9), (8, 9), (8, 9), (7, 9), (7, 9), (4, 11), (7, 8), (7, 8), (3, 11), (7, 7), (8, 7), (9, 7), (10, 7), (11, 7), (11, 6), (11, 5), (10, 5), (7, 7), (9, 5), (8, 5), (9, 4), (7, 5), (9, 3), (10, 3), (11, 3), (12, 3), (13, 3), (13, 4), (13, 5)]
[(1, 1), (1, 2), (1, 3), (2, 3), (3, 3), (4, 3), (5, 3), (6, 3), (7, 3), (5, 4), (5, 5), (5, 6), (5, 7), (5, 8), (5, 9), (5, 10), (5, 11), (6, 11), (7, 11), (8, 11), (9, 11), (10, 11), (11, 11), (11, 10), (11, 9), (10, 9), (8, 10), (9, 9), (8, 9), (8, 9), (7, 9), (7, 9), (4, 11), (7, 8), (7, 8), (3, 11), (7, 7), (8, 7), (9, 7), (10, 7), (11, 7), (11, 6), (11, 5), (10, 5), (7, 7), (9, 5), (8, 5), (9, 4), (7, 5), (9, 3), (10, 3), (11, 3), (12, 3), (13, 3), (13, 4), (13, 5), (13, 6)]
[(1, 1), (1, 2), (1, 3), (2, 3), (3, 3), (4, 3), (5, 3), (6, 3), (7, 3), (5, 4), (5, 5), (5, 6), (5, 7), (5, 8), (5, 9), (5, 10), (5, 11), (6, 11), (7, 11), (8, 11), (9, 11), (10, 11), (11, 11), (11, 10), (11, 9), (10, 9), (8, 10), (9, 9), (8, 9), (8, 9), (7, 9), (7, 9), (4, 11), (7, 8), (7, 8), (3, 11), (7, 7), (8, 7), (9, 7), (10, 7), (11, 7), (11, 6), (11, 5), (10, 5), (7, 7), (9, 5), (8, 5), (9, 4), (7, 5), (9, 3), (10, 3), (11, 3), (12, 3), (13, 3), (13, 4), (13, 5), (13, 6), (13, 7)]
[(1, 1), (1, 2), (1, 3), (2, 3), (3, 3), (4, 3), (5, 3), (6, 3), (7, 3), (5, 4), (5, 5), (5, 6), (5, 7), (5, 8), (5, 9), (5, 10), (5, 11), (6, 11), (7, 11), (8, 11), (9, 11), (10, 11), (11, 11), (11, 10), (11, 9), (10, 9), (8, 10), (9, 9), (8, 9), (8, 9), (7, 9), (7, 9), (4, 11), (7, 8), (7, 8), (3, 11), (7, 7), (8, 7), (9, 7), (10, 7), (11, 7), (11, 6), (11, 5), (10, 5), (7, 7), (9, 5), (8, 5), (9, 4), (7, 5), (9, 3), (10, 3), (11, 3), (12, 3), (13, 3), (13, 4), (13, 5), (13, 6), (13, 7), (13, 8)]
[(1, 1), (1, 2), (1, 3), (2, 3), (3, 3), (4, 3), (5, 3), (6, 3), (7, 3), (5, 4), (5, 5), (5, 6), (5, 7), (5, 8), (5, 9), (5, 10), (5, 11), (6, 11), (7, 11), (8, 11), (9, 11), (10, 11), (11, 11), (11, 10), (11, 9), (10, 9), (8, 10), (9, 9), (8, 9), (8, 9), (7, 9), (7, 9), (4, 11), (7, 8), (7, 8), (3, 11), (7, 7), (8, 7), (9, 7), (10, 7), (11, 7), (11, 6), (11, 5), (10, 5), (7, 7), (9, 5), (8, 5), (9, 4), (7, 5), (9, 3), (10, 3), (11, 3), (12, 3), (13, 3), (13, 4), (13, 5), (13, 6), (13, 7), (13, 8), (13, 9)]
[(1, 1), (1, 2), (1, 3), (2, 3), (3, 3), (4, 3), (5, 3), (6, 3), (7, 3), (5, 4), (5, 5), (5, 6), (5, 7), (5, 8), (5, 9), (5, 10), (5, 11), (6, 11), (7, 11), (8, 11), (9, 11), (10, 11), (11, 11), (11, 10), (11, 9), (10, 9), (8, 10), (9, 9), (8, 9), (8, 9), (7, 9), (7, 9), (4, 11), (7, 8), (7, 8), (3, 11), (7, 7), (8, 7), (9, 7), (10, 7), (11, 7), (11, 6), (11, 5), (10, 5), (7, 7), (9, 5), (8, 5), (9, 4), (7, 5), (9, 3), (10, 3), (11, 3), (12, 3), (13, 3), (13, 4), (13, 5), (13, 6), (13, 7), (13, 8), (13, 9), (13, 10)]
[(1, 1), (1, 2), (1, 3), (2, 3), (3, 3), (4, 3), (5, 3), (6, 3), (7, 3), (5, 4), (5, 5), (5, 6), (5, 7), (5, 8), (5, 9), (5, 10), (5, 11), (6, 11), (7, 11), (8, 11), (9, 11), (10, 11), (11, 11), (11, 10), (11, 9), (10, 9), (8, 10), (9, 9), (8, 9), (8, 9), (7, 9), (7, 9), (4, 11), (7, 8), (7, 8), (3, 11), (7, 7), (8, 7), (9, 7), (10, 7), (11, 7), (11, 6), (11, 5), (10, 5), (7, 7), (9, 5), (8, 5), (9, 4), (7, 5), (9, 3), (10, 3), (11, 3), (12, 3), (13, 3), (13, 4), (13, 5), (13, 6), (13, 7), (13, 8), (13, 9), (13, 10), (13, 11)]
[(1, 1), (1, 2), (1, 3), (2, 3), (3, 3), (4, 3), (5, 3), (6, 3), (7, 3), (5, 4), (5, 5), (5, 6), (5, 7), (5, 8), (5, 9), (5, 10), (5, 11), (6, 11), (7, 11), (8, 11), (9, 11), (10, 11), (11, 11), (11, 10), (11, 9), (10, 9), (8, 10), (9, 9), (8, 9), (8, 9), (7, 9), (7, 9), (4, 11), (7, 8), (7, 8), (3, 11), (7, 7), (8, 7), (9, 7), (10, 7), (11, 7), (11, 6), (11, 5), (10, 5), (7, 7), (9, 5), (8, 5), (9, 4), (7, 5), (9, 3), (10, 3), (11, 3), (12, 3), (13, 3), (13, 4), (13, 5), (13, 6), (13, 7), (13, 8), (13, 9), (13, 10), (13, 11), (13, 12)]
[(1, 1), (1, 2), (1, 3), (2, 3), (3, 3), (4, 3), (5, 3), (6, 3), (7, 3), (5, 4), (5, 5), (5, 6), (5, 7), (5, 8), (5, 9), (5, 10), (5, 11), (6, 11), (7, 11), (8, 11), (9, 11), (10, 11), (11, 11), (11, 10), (11, 9), (10, 9), (8, 10), (9, 9), (8, 9), (8, 9), (7, 9), (7, 9), (4, 11), (7, 8), (7, 8), (3, 11), (7, 7), (8, 7), (9, 7), (10, 7), (11, 7), (11, 6), (11, 5), (10, 5), (7, 7), (9, 5), (8, 5), (9, 4), (7, 5), (9, 3), (10, 3), (11, 3), (12, 3), (13, 3), (13, 4), (13, 5), (13, 6), (13, 7), (13, 8), (13, 9), (13, 10), (13, 11), (13, 12), (13, 13)]
