[(1, 1)]
[(1, 1), (1, 2)]
[(1, 1), (1, 2), (1, 3)]
[(1, 1), (1, 2), (1, 3), (2, 3)]
[(1, 1), (1, 2), (1, 3), (2, 3), (1, 4)]
[(1, 1), (1, 2), (1, 3), (2, 3), (1, 4), (3, 3)]
[(1, 1), (1, 2), (1, 3), (2, 3), (1, 4), (3, 3), (1, 5)]
[(1, 1), (1, 2), (1, 3), (2, 3), (1, 4), (3, 3), (1, 5), (4, 3)]
[(1, 1), (1, 2), (1, 3), (2, 3), (1, 4), (3, 3), (1, 5), (4, 3), (1, 6)]
[(1, 1), (1, 2), (1, 3), (2, 3), (1, 4), (3, 3), (1, 5), (4, 3), (1, 6), (5, 3)]
[(1, 1), (1, 2), (1, 3), (2, 3), (1, 4), (3, 3), (1, 5), (4, 3), (1, 6), (5, 3), (1, 7)]
[(1, 1), (1, 2), (1, 3), (2, 3), (1, 4), (3, 3), (1, 5), (4, 3), (1, 6), (5, 3), (1, 7), (6, 3)]
[(1, 1), (1, 2), (1, 3), (2, 3), (1, 4), (3, 3), (1, 5), (4, 3), (1, 6), (5, 3), (1, 7), (6, 3), (1, 8)]
[(1, 1), (1, 2), (1, 3), (2, 3), (1, 4), (3, 3), (1, 5), (4, 3), (1, 6), (5, 3), (1, 7), (6, 3), (1, 8), (7, 3)]
[(1, 1), (1, 2), (1, 3), (2, 3), (1, 4), (3, 3), (1, 5), (4, 3), (1, 6), (5, 3), (1, 7), (6, 3), (1, 8), (7, 3), (1, 9)]
[(1, 1), (1, 2), (1, 3), (2, 3), (1, 4), (3, 3), (1, 5), (4, 3), (1, 6), (5, 3), (1, 7), (6, 3), (1, 8), (7, 3), (1, 9), (8, 3)]
[(1, 1), (1, 2), (1, 3), (2, 3), (1, 4), (3, 3), (1, 5), (4, 3), (1, 6), (5, 3), (1, 7), (6, 3), (1, 8), (7, 3), (1, 9), (8, 3), (2, 9)]
[(1, 1), (1, 2), (1, 3), (2, 3), (1, 4), (3, 3), (1, 5), (4, 3), (1, 6), (5, 3), (1, 7), (6, 3), (1, 8), (7, 3), (1, 9), (8, 3), (2, 9), (1, 10)]
[(1, 1), (1, 2), (1, 3), (2, 3), (1, 4), (3, 3), (1, 5), (4, 3), (1, 6), (5, 3), (1, 7), (6, 3), (1, 8), (7, 3), (1, 9), (8, 3), (2, 9), (1, 10), (9, 3)]
[(1, 1), (1, 2), (1, 3), (2, 3), (1, 4), (3, 3), (1, 5), (4, 3), (1, 6), (5, 3), (1, 7), (6, 3), (1, 8), (7, 3), (1, 9), (8, 3), (2, 9), (1, 10), (9, 3), (3, 9)]
[(1, 1), (1, 2), (1, 3), (2, 3), (1, 4), (3, 3), (1, 5), (4, 3), (1, 6), (5, 3), (1, 7), (6, 3), (1, 8), (7, 3), (1, 9), (8, 3), (2, 9), (1, 10), (9, 3), (3, 9), (1, 11)]
[(1, 1), (1, 2), (1, 3), (2, 3), (1, 4), (3, 3), (1, 5), (4, 3), (1, 6), (5, 3), (1, 7), (6, 3), (1, 8), (7, 3), (1, 9), (8, 3), (2, 9), (1, 10), (9, 3), (3, 9), (1, 11), (10, 3)]
[(1, 1), (1, 2), (1, 3), (2, 3), (1, 4), (3, 3), (1, 5), (4, 3), (1, 6), (5, 3), (1, 7), (6, 3), (1, 8), (7, 3), (1, 9), (8, 3), (2, 9), (1, 10), (9, 3), (3, 9), (1, 11), (10, 3), (9, 4)]
[(1, 1), (1, 2), (1, 3), (2, 3), (1, 4), (3, 3), (1, 5), (4, 3), (1, 6), (5, 3), (1, 7), (6, 3), (1, 8), (7, 3), (1, 9), (8, 3), (2, 9), (1, 10), (9, 3), (3, 9), (1, 11), (10, 3), (9, 4), (2, 11)]
[(1, 1), (1, 2), (1, 3), (2, 3), (1, 4), (3, 3), (1, 5), (4, 3), (1, 6), (5, 3), (1, 7), (6, 3), (1, 8), (7, 3), (1, 9), (8, 3), (2, 9), (1, 10), (9, 3), (3, 9), (1, 11), (10, 3), (9, 4), (2, 11), (1, 12)]
[(1, 1), (1, 2), (1, 3), (2, 3), (1, 4), (3, 3), (1, 5), (4, 3), (1, 6), (5, 3), (1, 7), (6, 3), (1, 8), (7, 3), (1, 9), (8, 3), (2, 9), (1, 10), (9, 3), (3, 9), (1, 11), (10, 3), (9, 4), (2, 11), (1, 12), (9, 5)]
[(1, 1), (1, 2), (1, 3), (2, 3), (1, 4), (3, 3), (1, 5), (4, 3), (1, 6), (5, 3), (1, 7), (6, 3), (1, 8), (7, 3), (1, 9), (8, 3), (2, 9), (1, 10), (9, 3), (3, 9), (1, 11), (10, 3), (9, 4), (2, 11), (1, 12), (9, 5), (3, 11)]
[(1, 1), (1, 2), (1, 3), (2, 3), (1, 4), (3, 3), (1, 5), (4, 3), (1, 6), (5, 3), (1, 7), (6, 3), (1, 8), (7, 3), (1, 9), (8, 3), (2, 9), (1, 10), (9, 3), (3, 9), (1, 11), (10, 3), (9, 4), (2, 11), (1, 12), (9, 5), (3, 11), (1, 13)]
[(1, 1), (1, 2), (1, 3), (2, 3), (1, 4), (3, 3), (1, 5), (4, 3), (1, 6), (5, 3), (1, 7), (6, 3), (1, 8), (7, 3), (1, 9), (8, 3), (2, 9), (1, 10), (9, 3), (3, 9), (1, 11), (10, 3), (9, 4), (2, 11), (1, 12), (9, 5), (3, 11), (1, 13), (9, 6)]
[(1, 1), (1, 2), (1, 3), (2, 3), (1, 4), (3, 3), (1, 5), (4, 3), (1, 6), (5, 3), (1, 7), (6, 3), (1, 8), (7, 3), (1, 9), (8, 3), (2, 9), (1, 10), (9, 3), (3, 9), (1, 11), (10, 3), (9, 4), (2, 11), (1, 12), (9, 5), (3, 11), (1, 13), (9, 6), (2, 13)]
[(1, 1), (1, 2), (1, 3), (2, 3), (1, 4), (3, 3), (1, 5), (4, 3), (1, 6), (5, 3), (1, 7), (6, 3), (1, 8), (7, 3), (1, 9), (8, 3), (2, 9), (1, 10), (9, 3), (3, 9), (1, 11), (10, 3), (9, 4), (2, 11), (1, 12), (9, 5), (3, 11), (1, 13), (9, 6), (2, 13), (10, 6)]
[(1, 1), (1, 2), (1, 3), (2, 3), (1, 4), (3, 3), (1, 5), (4, 3), (1, 6), (5, 3), (1, 7), (6, 3), (1, 8), (7, 3), (1, 9), (8, 3), (2, 9), (1, 10), (9, 3), (3, 9), (1, 11), (10, 3), (9, 4), (2, 11), (1, 12), (9, 5), (3, 11), (1, 13), (9, 6), (2, 13), (10, 6), (9, 7)]
[(1, 1), (1, 2), (1, 3), (2, 3), (1, 4), (3, 3), (1, 5), (4, 3), (1, 6), (5, 3), (1, 7), (6, 3), (1, 8), (7, 3), (1, 9), (8, 3), (2, 9), (1, 10), (9, 3), (3, 9), (1, 11), (10, 3), (9, 4), (2, 11), (1, 12), (9, 5), (3, 11), (1, 13), (9, 6), (2, 13), (10, 6), (9, 7), (3, 13)]
[(1, 1), (1, 2), (1, 3), (2, 3), (1, 4), (3, 3), (1, 5), (4, 3), (1, 6), (5, 3), (1, 7), (6, 3), (1, 8), (7, 3), (1, 9), (8, 3), (2, 9), (1, 10), (9, 3), (3, 9), (1, 11), (10, 3), (9, 4), (2, 11), (1, 12), (9, 5), (3, 11), (1, 13), (9, 6), (2, 13), (10, 6), (9, 7), (3, 13), (11, 6)]
[(1, 1), (1, 2), (1, 3), (2, 3), (1, 4), (3, 3), (1, 5), (4, 3), (1, 6), (5, 3), (1, 7), (6, 3), (1, 8), (7, 3), (1, 9), (8, 3), (2, 9), (1, 10), (9, 3), (3, 9), (1, 11), (10, 3), (9, 4), (2, 11), (1, 12), (9, 5), (3, 11), (1, 13), (9, 6), (2, 13), (10, 6), (9, 7), (3, 13), (11, 6), (4, 13)]
[(1, 1), (1, 2), (1, 3), (2, 3), (1, 4), (3, 3), (1, 5), (4, 3), (1, 6), (5, 3), (1, 7), (6, 3), (1, 8), (7, 3), (1, 9), (8, 3), (2, 9), (1, 10), (9, 3), (3, 9), (1, 11), (10, 3), (9, 4), (2, 11), (1, 12), (9, 5), (3, 11), (1, 13), (9, 6), (2, 13), (10, 6), (9, 7), (3, 13), (11, 6), (4, 13), (11, 7)]
[(1, 1), (1, 2), (1, 3), (2, 3), (1, 4), (3, 3), (1, 5), (4, 3), (1, 6), (5, 3), (1, 7), (6, 3), (1, 8), (7, 3), (1, 9), (8, 3), (2, 9), (1, 10), (9, 3), (3, 9), (1, 11), (10, 3), (9, 4), (2, 11), (1, 12), (9, 5), (3, 11), (1, 13), (9, 6), (2, 13), (10, 6), (9, 7), (3, 13), (11, 6), (4, 13), (11, 7), (5, 13)]
[(1, 1), (1, 2), (1, 3), (2, 3), (1, 4), (3, 3), (1, 5), (4, 3), (1, 6), (5, 3), (1, 7), (6, 3), (1, 8), (7, 3), (1, 9), (8, 3), (2, 9), (1, 10), (9, 3), (3, 9), (1, 11), (10, 3), (9, 4), (2, 11), (1, 12), (9, 5), (3, 11), (1, 13), (9, 6), (2, 13), (10, 6), (9, 7), (3, 13), (11, 6), (4, 13), (11, 7), (5, 13), (12, 7)]
[(1, 1), (1, 2), (1, 3), (2, 3), (1, 4), (3, 3), (1, 5), (4, 3), (1, 6), (5, 3), (1, 7), (6, 3), (1, 8), (7, 3), (1, 9), (8, 3), (2, 9), (1, 10), (9, 3), (3, 9), (1, 11), (10, 3), (9, 4), (2, 11), (1, 12), (9, 5), (3, 11), (1, 13), (9, 6), (2, 13), (10, 6), (9, 7), (3, 13), (11, 6), (4, 13), (11, 7), (5, 13), (12, 7), (11, 8)]
[(1, 1), (1, 2), (1, 3), (2, 3), (1, 4), (3, 3), (1, 5), (4, 3), (1, 6), (5, 3), (1, 7), (6, 3), (1, 8), (7, 3), (1, 9), (8, 3), (2, 9), (1, 10), (9, 3), (3, 9), (1, 11), (10, 3), (9, 4), (2, 11), (1, 12), (9, 5), (3, 11), (1, 13), (9, 6), (2, 13), (10, 6), (9, 7), (3, 13), (11, 6), (4, 13), (11, 7), (5, 13), (12, 7), (11, 8), (6, 13)]
[(1, 1), (1, 2), (1, 3), (2, 3), (1, 4), (3, 3), (1, 5), (4, 3), (1, 6), (5, 3), (1, 7), (6, 3), (1, 8), (7, 3), (1, 9), (8, 3), (2, 9), (1, 10), (9, 3), (3, 9), (1, 11), (10, 3), (9, 4), (2, 11), (1, 12), (9, 5), (3, 11), (1, 13), (9, 6), (2, 13), (10, 6), (9, 7), (3, 13), (11, 6), (4, 13), (11, 7), (5, 13), (12, 7), (11, 8), (6, 13), (13, 7)]
[(1, 1), (1, 2), (1, 3), (2, 3), (1, 4), (3, 3), (1, 5), (4, 3), (1, 6), (5, 3), (1, 7), (6, 3), (1, 8), (7, 3), (1, 9), (8, 3), (2, 9), (1, 10), (9, 3), (3, 9), (1, 11), (10, 3), (9, 4), (2, 11), (1, 12), (9, 5), (3, 11), (1, 13), (9, 6), (2, 13), (10, 6), (9, 7), (3, 13), (11, 6), (4, 13), (11, 7), (5, 13), (12, 7), (11, 8), (6, 13), (13, 7), (11, 9)]
[(1, 1), (1, 2), (1, 3), (2, 3), (1, 4), (3, 3), (1, 5), (4, 3), (1, 6), (5, 3), (1, 7), (6, 3), (1, 8), (7, 3), (1, 9), (8, 3), (2, 9), (1, 10), (9, 3), (3, 9), (1, 11), (10, 3), (9, 4), (2, 11), (1, 12), (9, 5), (3, 11), (1, 13), (9, 6), (2, 13), (10, 6), (9, 7), (3, 13), (11, 6), (4, 13), (11, 7), (5, 13), (12, 7), (11, 8), (6, 13), (13, 7), (11, 9), (7, 13)]
[(1, 1), (1, 2), (1, 3), (2, 3), (1, 4), (3, 3), (1, 5), (4, 3), (1, 6), (5, 3), (1, 7), (6, 3), (1, 8), (7, 3), (1, 9), (8, 3), (2, 9), (1, 10), (9, 3), (3, 9), (1, 11), (10, 3), (9, 4), (2, 11), (1, 12), (9, 5), (3, 11), (1, 13), (9, 6), (2, 13), (10, 6), (9, 7), (3, 13), (11, 6), (4, 13), (11, 7), (5, 13), (12, 7), (11, 8), (6, 13), (13, 7), (11, 9), (7, 13), (12, 9)]
[(1, 1), (1, 2), (1, 3), (2, 3), (1, 4), (3, 3), (1, 5), (4, 3), (1, 6), (5, 3), (1, 7), (6, 3), (1, 8), (7, 3), (1, 9), (8, 3), (2, 9), (1, 10), (9, 3), (3, 9), (1, 11), (10, 3), (9, 4), (2, 11), (1, 12), (9, 5), (3, 11), (1, 13), (9, 6), (2, 13), (10, 6), (9, 7), (3, 13), (11, 6), (4, 13), (11, 7), (5, 13), (12, 7), (11, 8), (6, 13), (13, 7), (11, 9), (7, 13), (12, 9), (11, 10)]
[(1, 1), (1, 2), (1, 3), (2, 3), (1, 4), (3, 3), (1, 5), (4, 3), (1, 6), (5, 3), (1, 7), (6, 3), (1, 8), (7, 3), (1, 9), (8, 3), (2, 9), (1, 10), (9, 3), (3, 9), (1, 11), (10, 3), (9, 4), (2, 11), (1, 12), (9, 5), (3, 11), (1, 13), (9, 6), (2, 13), (10, 6), (9, 7), (3, 13), (11, 6), (4, 13), (11, 7), (5, 13), (12, 7), (11, 8), (6, 13), (13, 7), (11, 9), (7, 13), (12, 9), (11, 10), (8, 13)]
[(1, 1), (1, 2), (1, 3), (2, 3), (1, 4), (3, 3), (1, 5), (4, 3), (1, 6), (5, 3), (1, 7), (6, 3), (1, 8), (7, 3), (1, 9), (8, 3), (2, 9), (1, 10), (9, 3), (3, 9), (1, 11), (10, 3), (9, 4), (2, 11), (1, 12), (9, 5), (3, 11), (1, 13), (9, 6), (2, 13), (10, 6), (9, 7), (3, 13), (11, 6), (4, 13), (11, 7), (5, 13), (12, 7), (11, 8), (6, 13), (13, 7), (11, 9), (7, 13), (12, 9), (11, 10), (8, 13), (13, 9)]
[(1, 1), (1, 2), (1, 3), (2, 3), (1, 4), (3, 3), (1, 5), (4, 3), (1, 6), (5, 3), (1, 7), (6, 3), (1, 8), (7, 3), (1, 9), (8, 3), (2, 9), (1, 10), (9, 3), (3, 9), (1, 11), (10, 3), (9, 4), (2, 11), (1, 12), (9, 5), (3, 11), (1, 13), (9, 6), (2, 13), (10, 6), (9, 7), (3, 13), (11, 6), (4, 13), (11, 7), (5, 13), (12, 7), (11, 8), (6, 13), (13, 7), (11, 9), (7, 13), (12, 9), (11, 10), (8, 13), (13, 9), (11, 11)]
[(1, 1), (1, 2), (1, 3), (2, 3), (1, 4), (3, 3), (1, 5), (4, 3), (1, 6), (5, 3), (1, 7), (6, 3), (1, 8), (7, 3), (1, 9), (8, 3), (2, 9), (1, 10), (9, 3), (3, 9), (1, 11), (10, 3), (9, 4), (2, 11), (1, 12), (9, 5), (3, 11), (1, 13), (9, 6), (2, 13), (10, 6), (9, 7), (3, 13), (11, 6), (4, 13), (11, 7), (5, 13), (12, 7), (11, 8), (6, 13), (13, 7), (11, 9), (7, 13), (12, 9), (11, 10), (8, 13), (13, 9), (11, 11), (9, 13)]
[(1, 1), (1, 2), (1, 3), (2, 3), (1, 4), (3, 3), (1, 5), (4, 3), (1, 6), (5, 3), (1, 7), (6, 3), (1, 8), (7, 3), (1, 9), (8, 3), (2, 9), (1, 10), (9, 3), (3, 9), (1, 11), (10, 3), (9, 4), (2, 11), (1, 12), (9, 5), (3, 11), (1, 13), (9, 6), (2, 13), (10, 6), (9, 7), (3, 13), (11, 6), (4, 13), (11, 7), (5, 13), (12, 7), (11, 8), (6, 13), (13, 7), (11, 9), (7, 13), (12, 9), (11, 10), (8, 13), (13, 9), (11, 11), (9, 13), (13, 10)]
[(1, 1), (1, 2), (1, 3), (2, 3), (1, 4), (3, 3), (1, 5), (4, 3), (1, 6), (5, 3), (1, 7), (6, 3), (1, 8), (7, 3), (1, 9), (8, 3), (2, 9), (1, 10), (9, 3), (3, 9), (1, 11), (10, 3), (9, 4), (2, 11), (1, 12), (9, 5), (3, 11), (1, 13), (9, 6), (2, 13), (10, 6), (9, 7), (3, 13), (11, 6), (4, 13), (11, 7), (5, 13), (12, 7), (11, 8), (6, 13), (13, 7), (11, 9), (7, 13), (12, 9), (11, 10), (8, 13), (13, 9), (11, 11), (9, 13), (13, 10), (11, 12)]
[(1, 1), (1, 2), (1, 3), (2, 3), (1, 4), (3, 3), (1, 5), (4, 3), (1, 6), (5, 3), (1, 7), (6, 3), (1, 8), (7, 3), (1, 9), (8, 3), (2, 9), (1, 10), (9, 3), (3, 9), (1, 11), (10, 3), (9, 4), (2, 11), (1, 12), (9, 5), (3, 11), (1, 13), (9, 6), (2, 13), (10, 6), (9, 7), (3, 13), (11, 6), (4, 13), (11, 7), (5, 13), (12, 7), (11, 8), (6, 13), (13, 7), (11, 9), (7, 13), (12, 9), (11, 10), (8, 13), (13, 9), (11, 11), (9, 13), (13, 10), (11, 12), (10, 13)]
[(1, 1), (1, 2), (1, 3), (2, 3), (1, 4), (3, 3), (1, 5), (4, 3), (1, 6), (5, 3), (1, 7), (6, 3), (1, 8), (7, 3), (1, 9), (8, 3), (2, 9), (1, 10), (9, 3), (3, 9), (1, 11), (10, 3), (9, 4), (2, 11), (1, 12), (9, 5), (3, 11), (1, 13), (9, 6), (2, 13), (10, 6), (9, 7), (3, 13), (11, 6), (4, 13), (11, 7), (5, 13), (12, 7), (11, 8), (6, 13), (13, 7), (11, 9), (7, 13), (12, 9), (11, 10), (8, 13), (13, 9), (11, 11), (9, 13), (13, 10), (11, 12), (10, 13), (13, 11)]
[(1, 1), (1, 2), (1, 3), (2, 3), (1, 4), (3, 3), (1, 5), (4, 3), (1, 6), (5, 3), (1, 7), (6, 3), (1, 8), (7, 3), (1, 9), (8, 3), (2, 9), (1, 10), (9, 3), (3, 9), (1, 11), (10, 3), (9, 4), (2, 11), (1, 12), (9, 5), (3, 11), (1, 13), (9, 6), (2, 13), (10, 6), (9, 7), (3, 13), (11, 6), (4, 13), (11, 7), (5, 13), (12, 7), (11, 8), (6, 13), (13, 7), (11, 9), (7, 13), (12, 9), (11, 10), (8, 13), (13, 9), (11, 11), (9, 13), (13, 10), (11, 12), (10, 13), (13, 11), (11, 13)]
[(1, 1), (1, 2), (1, 3), (2, 3), (1, 4), (3, 3), (1, 5), (4, 3), (1, 6), (5, 3), (1, 7), (6, 3), (1, 8), (7, 3), (1, 9), (8, 3), (2, 9), (1, 10), (9, 3), (3, 9), (1, 11), (10, 3), (9, 4), (2, 11), (1, 12), (9, 5), (3, 11), (1, 13), (9, 6), (2, 13), (10, 6), (9, 7), (3, 13), (11, 6), (4, 13), (11, 7), (5, 13), (12, 7), (11, 8), (6, 13), (13, 7), (11, 9), (7, 13), (12, 9), (11, 10), (8, 13), (13, 9), (11, 11), (9, 13), (13, 10), (11, 12), (10, 13), (13, 11), (11, 13), (13, 12)]
[(1, 1), (1, 2), (1, 3), (2, 3), (1, 4), (3, 3), (1, 5), (4, 3), (1, 6), (5, 3), (1, 7), (6, 3), (1, 8), (7, 3), (1, 9), (8, 3), (2, 9), (1, 10), (9, 3), (3, 9), (1, 11), (10, 3), (9, 4), (2, 11), (1, 12), (9, 5), (3, 11), (1, 13), (9, 6), (2, 13), (10, 6), (9, 7), (3, 13), (11, 6), (4, 13), (11, 7), (5, 13), (12, 7), (11, 8), (6, 13), (13, 7), (11, 9), (7, 13), (12, 9), (11, 10), (8, 13), (13, 9), (11, 11), (9, 13), (13, 10), (11, 12), (10, 13), (13, 11), (11, 13), (13, 12), (13, 13)]
