[(1, (1, 2))]
[(2, (1, 3))]
[(3, (2, 3))]
[(3, (2, 3)), (3, (1, 4))]
[(3, (1, 4)), (4, (3, 3))]
[(4, (3, 3)), (4, (1, 5))]
[(4, (1, 5)), (5, (4, 3))]
[(4, (1, 5)), (5, (4, 3)), (5, (3, 2))]
[(5, (4, 3)), (5, (3, 2)), (5, (1, 6))]
[(5, (3, 2)), (5, (1, 6)), (6, (5, 3))]
[(5, (1, 6)), (6, (5, 3)), (6, (3, 1))]
[(6, (5, 3)), (6, (3, 1)), (6, (1, 7))]
[(6, (3, 1)), (6, (1, 7)), (7, (6, 3))]
[(6, (3, 1)), (6, (1, 7)), (7, (6, 3)), (7, (5, 4))]
[(6, (1, 7)), (7, (6, 3)), (7, (5, 4)), (7, (4, 1))]
[(7, (6, 3)), (7, (5, 4)), (7, (4, 1)), (7, (1, 8))]
[(7, (5, 4)), (7, (4, 1)), (7, (1, 8)), (8, (7, 3))]
[(7, (4, 1)), (7, (1, 8)), (8, (7, 3)), (8, (5, 5))]
[(7, (1, 8)), (8, (7, 3)), (8, (5, 5)), (8, (5, 1))]
[(8, (7, 3)), (8, (5, 5)), (8, (5, 1)), (8, (1, 9))]
[(8, (5, 1)), (8, (1, 9)), (9, (5, 6))]
[(8, (1, 9)), (9, (5, 6)), (9, (6, 1))]
[(9, (5, 6)), (9, (6, 1)), (9, (1, 10))]
[(9, (6, 1)), (9, (1, 10)), (10, (5, 7))]
[(10, (5, 7)), (10, (1, 11))]
[(10, (1, 11)), (11, (4, 7))]
[(10, (1, 11)), (11, (4, 7)), (11, (5, 8))]
[(11, (4, 7)), (11, (5, 8)), (11, (1, 12))]
[(11, (5, 8)), (11, (1, 12)), (12, (3, 7))]
[(11, (1, 12)), (12, (3, 7)), (12, (5, 9))]
[(12, (3, 7)), (12, (5, 9)), (12, (1, 13))]
[(12, (5, 9)), (12, (1, 13)), (13, (3, 8))]
[(12, (5, 9)), (12, (1, 13)), (13, (3, 8)), (13, (3, 6))]
[(12, (1, 13)), (13, (3, 8)), (13, (3, 6)), (13, (5, 10))]
[(13, (3, 8)), (13, (3, 6)), (13, (5, 10)), (13, (2, 13))]
[(13, (3, 6)), (13, (5, 10)), (13, (2, 13)), (14, (3, 9))]
[(13, (5, 10)), (13, (2, 13)), (14, (3, 9)), (14, (3, 5))]
[(13, (2, 13)), (14, (3, 9)), (14, (3, 5)), (14, (5, 11))]
[(14, (3, 9)), (14, (3, 5)), (14, (5, 11)), (14, (3, 13))]
[(14, (3, 13)), (15, (6, 11))]
[(14, (3, 13)), (15, (6, 11)), (15, (4, 11))]
[(15, (6, 11)), (15, (4, 11)), (15, (4, 13))]
[(15, (4, 11)), (15, (4, 13)), (16, (7, 11))]
[(15, (4, 13)), (16, (7, 11)), (16, (3, 11))]
[(16, (7, 11)), (16, (3, 11)), (16, (5, 13))]
[(16, (3, 11)), (16, (5, 13)), (17, (8, 11))]
[(17, (8, 11)), (17, (6, 13))]
[(17, (6, 13)), (18, (9, 11))]
[(17, (6, 13)), (18, (9, 11)), (18, (8, 10))]
[(18, (9, 11)), (18, (8, 10)), (18, (7, 13))]
[(18, (8, 10)), (18, (7, 13)), (19, (10, 11))]
[(18, (7, 13)), (19, (10, 11)), (19, (8, 9))]
[(19, (10, 11)), (19, (8, 9)), (19, (8, 13))]
[(19, (8, 9)), (19, (8, 13)), (20, (11, 11))]
[(19, (8, 13)), (20, (11, 11)), (20, (9, 9))]
[(19, (8, 13)), (20, (11, 11)), (20, (9, 9)), (20, (7, 9))]
[(20, (11, 11)), (20, (9, 9)), (20, (7, 9)), (20, (9, 13))]
[(20, (9, 9)), (20, (7, 9)), (20, (9, 13)), (21, (11, 10))]
[(20, (7, 9)), (20, (9, 13)), (21, (11, 10)), (21, (10, 9))]
[(20, (9, 13)), (21, (11, 10)), (21, (10, 9)), (21, (7, 8))]
[(21, (11, 10)), (21, (10, 9)), (21, (7, 8)), (21, (10, 13))]
[(21, (10, 9)), (21, (7, 8)), (21, (10, 13)), (22, (11, 9))]
[(21, (7, 8)), (21, (10, 13)), (22, (11, 9)), (22, (11, 9))]
[(21, (10, 13)), (22, (11, 9)), (22, (11, 9)), (22, (7, 7))]
[(22, (11, 9)), (22, (11, 9)), (22, (7, 7)), (22, (11, 13))]
[(22, (11, 13)), (23, (8, 7))]
[(23, (8, 7)), (23, (12, 13))]
[(23, (12, 13)), (24, (9, 7))]
[(24, (9, 7)), (24, (13, 13))]
[(24, (13, 13)), (25, (10, 7))]
