[(23, (1, 2))]
[(22, (1, 3))]
[(21, (2, 3))]
[(21, (2, 3)), (21, (1, 4))]
[(20, (3, 3)), (21, (1, 4))]
[(19, (4, 3)), (21, (1, 4))]
[(19, (4, 3)), (21, (1, 4)), (21, (3, 2))]
[(18, (5, 3)), (21, (1, 4)), (21, (3, 2))]
[(17, (6, 3)), (21, (1, 4)), (21, (3, 2))]
[(16, (7, 3)), (21, (1, 4)), (21, (3, 2))]
[(15, (8, 3)), (21, (1, 4)), (21, (3, 2))]
[(14, (9, 3)), (21, (1, 4)), (21, (3, 2))]
[(13, (10, 3)), (21, (1, 4)), (21, (3, 2))]
[(13, (10, 3)), (13, (9, 4)), (21, (1, 4)), (21, (3, 2))]
[(13, (10, 3)), (13, (9, 4)), (15, (9, 2)), (21, (1, 4)), (21, (3, 2))]
[(12, (9, 5)), (15, (9, 2)), (21, (1, 4)), (21, (3, 2))]
[(13, (8, 5)), (15, (9, 2)), (21, (1, 4)), (21, (3, 2))]
[(11, (9, 6)), (13, (8, 5)), (15, (9, 2)), (21, (1, 4)), (21, (3, 2))]
[(10, (10, 6)), (13, (8, 5)), (15, (9, 2)), (21, (1, 4)), (21, (3, 2))]
[(10, (10, 6)), (10, (9, 7)), (13, (8, 5)), (15, (9, 2)), (21, (1, 4)), (21, (3, 2))]
[(9, (11, 6)), (10, (9, 7)), (13, (8, 5)), (15, (9, 2)), (21, (1, 4)), (21, (3, 2))]
[(8, (11, 7)), (10, (9, 7)), (13, (8, 5)), (15, (9, 2)), (21, (1, 4)), (21, (3, 2))]
[(8, (11, 7)), (10, (9, 7)), (10, (11, 5)), (13, (8, 5)), (15, (9, 2)), (21, (1, 4)), (21, (3, 2))]
[(7, (12, 7)), (10, (9, 7)), (10, (11, 5)), (13, (8, 5)), (15, (9, 2)), (21, (1, 4)), (21, (3, 2))]
[(7, (12, 7)), (7, (11, 8)), (10, (9, 7)), (10, (11, 5)), (13, (8, 5)), (15, (9, 2)), (21, (1, 4)), (21, (3, 2))]
[(6, (13, 7)), (7, (11, 8)), (10, (9, 7)), (10, (11, 5)), (13, (8, 5)), (15, (9, 2)), (21, (1, 4)), (21, (3, 2))]
[(6, (11, 9)), (10, (9, 7)), (10, (11, 5)), (13, (8, 5)), (15, (9, 2)), (21, (1, 4)), (21, (3, 2))]
[(5, (12, 9)), (10, (9, 7)), (10, (11, 5)), (13, (8, 5)), (15, (9, 2)), (21, (1, 4)), (21, (3, 2))]
[(5, (12, 9)), (7, (10, 9)), (10, (9, 7)), (10, (11, 5)), (13, (8, 5)), (15, (9, 2)), (21, (1, 4)), (21, (3, 2))]
[(5, (12, 9)), (5, (11, 10)), (7, (10, 9)), (10, (9, 7)), (10, (11, 5)), (13, (8, 5)), (15, (9, 2)), (21, (1, 4)), (21, (3, 2))]
[(4, (13, 9)), (5, (11, 10)), (7, (10, 9)), (10, (9, 7)), (10, (11, 5)), (13, (8, 5)), (15, (9, 2)), (21, (1, 4)), (21, (3, 2))]
[(3, (13, 10)), (5, (11, 10)), (7, (10, 9)), (10, (9, 7)), (10, (11, 5)), (13, (8, 5)), (15, (9, 2)), (21, (1, 4)), (21, (3, 2))]
[(2, (13, 11)), (5, (11, 10)), (7, (10, 9)), (10, (9, 7)), (10, (11, 5)), (13, (8, 5)), (15, (9, 2)), (21, (1, 4)), (21, (3, 2))]
[(1, (13, 12)), (5, (11, 10)), (7, (10, 9)), (10, (9, 7)), (10, (11, 5)), (13, (8, 5)), (15, (9, 2)), (21, (1, 4)), (21, (3, 2))]
[(0, (13, 13)), (5, (11, 10)), (7, (10, 9)), (10, (9, 7)), (10, (11, 5)), (13, (8, 5)), (15, (9, 2)), (21, (1, 4)), (21, (3, 2))]
