[(24, 0, 24, (1, 1))]
[(24, 1, 23, (1, 2))]
[(24, 2, 22, (1, 3))]
[(24, 3, 21, (2, 3)), (24, 3, 21, (1, 4))]
[(24, 3, 21, (1, 4)), (24, 4, 20, (3, 3))]
[(24, 4, 20, (3, 3)), (24, 4, 20, (1, 5))]
[(24, 4, 20, (1, 5)), (24, 5, 19, (4, 3)), (26, 5, 21, (3, 2))]
[(24, 5, 19, (4, 3)), (24, 5, 19, (1, 6)), (26, 5, 21, (3, 2))]
[(24, 5, 19, (1, 6)), (24, 6, 18, (5, 3)), (26, 5, 21, (3, 2))]
[(24, 6, 18, (5, 3)), (24, 6, 18, (1, 7)), (26, 5, 21, (3, 2))]
[(24, 6, 18, (1, 7)), (24, 7, 17, (6, 3)), (24, 7, 17, (5, 4)), (26, 5, 21, (3, 2))]
[(24, 7, 17, (6, 3)), (24, 7, 17, (5, 4)), (24, 7, 17, (1, 8)), (26, 5, 21, (3, 2))]
[(24, 7, 17, (5, 4)), (24, 7, 17, (1, 8)), (24, 8, 16, (7, 3)), (26, 5, 21, (3, 2))]
[(24, 7, 17, (1, 8)), (24, 8, 16, (7, 3)), (24, 8, 16, (5, 5)), (26, 5, 21, (3, 2))]
[(24, 8, 16, (7, 3)), (24, 8, 16, (5, 5)), (24, 8, 16, (1, 9)), (26, 5, 21, (3, 2))]
[(24, 8, 16, (5, 5)), (24, 8, 16, (1, 9)), (26, 5, 21, (3, 2))]
[(24, 8, 16, (1, 9)), (24, 9, 15, (5, 6)), (26, 5, 21, (3, 2))]
[(24, 9, 15, (5, 6)), (24, 9, 15, (1, 10)), (26, 5, 21, (3, 2))]
[(24, 9, 15, (1, 10)), (24, 10, 14, (5, 7)), (26, 5, 21, (3, 2))]
[(24, 10, 14, (5, 7)), (24, 10, 14, (1, 11)), (26, 5, 21, (3, 2))]
[(24, 10, 14, (1, 11)), (24, 11, 13, (5, 8)), (26, 5, 21, (3, 2)), (26, 11, 15, (4, 7))]
[(24, 11, 13, (5, 8)), (24, 11, 13, (1, 12)), (26, 5, 21, (3, 2)), (26, 11, 15, (4, 7))]
[(24, 11, 13, (1, 12)), (24, 12, 12, (5, 9)), (26, 5, 21, (3, 2)), (26, 11, 15, (4, 7))]
[(24, 12, 12, (5, 9)), (24, 12, 12, (1, 13)), (26, 5, 21, (3, 2)), (26, 11, 15, (4, 7))]
[(24, 12, 12, (1, 13)), (24, 13, 11, (5, 10)), (26, 5, 21, (3, 2)), (26, 11, 15, (4, 7))]
[(24, 13, 11, (5, 10)), (24, 13, 11, (2, 13)), (26, 5, 21, (3, 2)), (26, 11, 15, (4, 7))]
[(24, 13, 11, (2, 13)), (24, 14, 10, (5, 11)), (26, 5, 21, (3, 2)), (26, 11, 15, (4, 7))]
[(24, 14, 10, (5, 11)), (24, 14, 10, (3, 13)), (26, 5, 21, (3, 2)), (26, 11, 15, (4, 7))]
[(24, 14, 10, (3, 13)), (24, 15, 9, (6, 11)), (26, 5, 21, (3, 2)), (26, 11, 15, (4, 7)), (26, 15, 11, (4, 11))]
[(24, 15, 9, (6, 11)), (24, 15, 9, (4, 13)), (26, 5, 21, (3, 2)), (26, 11, 15, (4, 7)), (26, 15, 11, (4, 11))]
[(24, 15, 9, (4, 13)), (24, 16, 8, (7, 11)), (26, 5, 21, (3, 2)), (26, 11, 15, (4, 7)), (26, 15, 11, (4, 11))]
[(24, 16, 8, (7, 11)), (24, 16, 8, (5, 13)), (26, 5, 21, (3, 2)), (26, 11, 15, (4, 7)), (26, 15, 11, (4, 11))]
[(24, 16, 8, (5, 13)), (24, 17, 7, (8, 11)), (26, 5, 21, (3, 2)), (26, 11, 15, (4, 7)), (26, 15, 11, (4, 11))]
[(24, 17, 7, (8, 11)), (24, 17, 7, (6, 13)), (26, 5, 21, (3, 2)), (26, 11, 15, (4, 7)), (26, 15, 11, (4, 11))]
[(24, 17, 7, (6, 13)), (24, 18, 6, (9, 11)), (26, 5, 21, (3, 2)), (26, 11, 15, (4, 7)), (26, 15, 11, (4, 11)), (26, 18, 8, (8, 10))]
[(24, 18, 6, (9, 11)), (24, 18, 6, (7, 13)), (26, 5, 21, (3, 2)), (26, 11, 15, (4, 7)), (26, 15, 11, (4, 11)), (26, 18, 8, (8, 10))]
[(24, 18, 6, (7, 13)), (24, 19, 5, (10, 11)), (26, 5, 21, (3, 2)), (26, 11, 15, (4, 7)), (26, 15, 11, (4, 11)), (26, 18, 8, (8, 10))]
[(24, 19, 5, (10, 11)), (24, 19, 5, (8, 13)), (26, 5, 21, (3, 2)), (26, 11, 15, (4, 7)), (26, 15, 11, (4, 11)), (26, 18, 8, (8, 10))]
[(24, 19, 5, (8, 13)), (24, 20, 4, (11, 11)), (26, 5, 21, (3, 2)), (26, 11, 15, (4, 7)), (26, 15, 11, (4, 11)), (26, 18, 8, (8, 10))]
[(24, 20, 4, (11, 11)), (24, 20, 4, (9, 13)), (26, 5, 21, (3, 2)), (26, 11, 15, (4, 7)), (26, 15, 11, (4, 11)), (26, 18, 8, (8, 10))]
[(24, 20, 4, (9, 13)), (26, 5, 21, (3, 2)), (26, 11, 15, (4, 7)), (26, 15, 11, (4, 11)), (26, 18, 8, (8, 10)), (26, 21, 5, (11, 10))]
[(24, 21, 3, (10, 13)), (26, 5, 21, (3, 2)), (26, 11, 15, (4, 7)), (26, 15, 11, (4, 11)), (26, 18, 8, (8, 10)), (26, 21, 5, (11, 10))]
[(24, 22, 2, (11, 13)), (26, 5, 21, (3, 2)), (26, 11, 15, (4, 7)), (26, 15, 11, (4, 11)), (26, 18, 8, (8, 10)), (26, 21, 5, (11, 10))]
[(24, 23, 1, (12, 13)), (26, 5, 21, (3, 2)), (26, 11, 15, (4, 7)), (26, 15, 11, (4, 11)), (26, 18, 8, (8, 10)), (26, 21, 5, (11, 10))]
[(24, 24, 0, (13, 13)), (26, 5, 21, (3, 2)), (26, 11, 15, (4, 7)), (26, 15, 11, (4, 11)), (26, 18, 8, (8, 10)), (26, 21, 5, (11, 10))]
