[]
[(1, 1)]
[(1, 1), (2, 1)]
[(1, 1), (2, 1), (3, 1)]
[(1, 1), (2, 1), (3, 1), (4, 1)]
[(1, 1), (2, 1), (3, 1), (4, 1), (5, 1)]
[(1, 1), (2, 1), (3, 1), (4, 1), (5, 1), (6, 1)]
[(1, 1), (2, 1), (3, 1), (4, 1), (5, 1), (6, 1), (7, 1)]
[(1, 1), (2, 1), (3, 1), (4, 1), (5, 1), (6, 1), (7, 1), (8, 1)]
[(1, 1), (2, 1), (3, 1), (4, 1), (5, 1), (6, 1), (7, 1), (8, 1), (9, 1)]
[(1, 1), (2, 1), (3, 1), (4, 1), (5, 1), (6, 1), (7, 1), (8, 1), (9, 1), (7, 2)]
[(1, 1), (2, 1), (3, 1), (4, 1), (5, 1), (6, 1), (7, 1), (8, 1), (9, 1), (7, 2), (7, 3)]
[(1, 1), (2, 1), (3, 1), (4, 1), (5, 1), (6, 1), (7, 1), (8, 1), (9, 1), (7, 2), (7, 3), (6, 3)]
[(1, 1), (2, 1), (3, 1), (4, 1), (5, 1), (6, 1), (7, 1), (8, 1), (9, 1), (7, 2), (7, 3), (6, 3), (5, 3)]
[(1, 1), (2, 1), (3, 1), (4, 1), (5, 1), (6, 1), (7, 1), (8, 1), (9, 1), (7, 2), (7, 3), (6, 3), (5, 3), (7, 4)]
[(1, 1), (2, 1), (3, 1), (4, 1), (5, 1), (6, 1), (7, 1), (8, 1), (9, 1), (7, 2), (7, 3), (6, 3), (5, 3), (7, 4), (7, 5)]
[(1, 1), (2, 1), (3, 1), (4, 1), (5, 1), (6, 1), (7, 1), (8, 1), (9, 1), (7, 2), (7, 3), (6, 3), (5, 3), (7, 4), (7, 5), (7, 6)]
[(1, 1), (2, 1), (3, 1), (4, 1), (5, 1), (6, 1), (7, 1), (8, 1), (9, 1), (7, 2), (7, 3), (6, 3), (5, 3), (7, 4), (7, 5), (7, 6), (7, 7)]
[(1, 1), (2, 1), (3, 1), (4, 1), (5, 1), (6, 1), (7, 1), (8, 1), (9, 1), (7, 2), (7, 3), (6, 3), (5, 3), (7, 4), (7, 5), (7, 6), (7, 7), (8, 7)]
[(1, 1), (2, 1), (3, 1), (4, 1), (5, 1), (6, 1), (7, 1), (8, 1), (9, 1), (7, 2), (7, 3), (6, 3), (5, 3), (7, 4), (7, 5), (7, 6), (7, 7), (8, 7), (9, 7)]
[(1, 1), (2, 1), (3, 1), (4, 1), (5, 1), (6, 1), (7, 1), (8, 1), (9, 1), (7, 2), (7, 3), (6, 3), (5, 3), (7, 4), (7, 5), (7, 6), (7, 7), (8, 7), (9, 7), (10, 7)]
[(1, 1), (2, 1), (3, 1), (4, 1), (5, 1), (6, 1), (7, 1), (8, 1), (9, 1), (7, 2), (7, 3), (6, 3), (5, 3), (7, 4), (7, 5), (7, 6), (7, 7), (8, 7), (9, 7), (10, 7), (11, 7)]
[(1, 1), (2, 1), (3, 1), (4, 1), (5, 1), (6, 1), (7, 1), (8, 1), (9, 1), (7, 2), (7, 3), (6, 3), (5, 3), (7, 4), (7, 5), (7, 6), (7, 7), (8, 7), (9, 7), (10, 7), (11, 7), (12, 7)]
[(1, 1), (2, 1), (3, 1), (4, 1), (5, 1), (6, 1), (7, 1), (8, 1), (9, 1), (7, 2), (7, 3), (6, 3), (5, 3), (7, 4), (7, 5), (7, 6), (7, 7), (8, 7), (9, 7), (10, 7), (11, 7), (12, 7), (13, 7)]
[(1, 1), (2, 1), (3, 1), (4, 1), (5, 1), (6, 1), (7, 1), (8, 1), (9, 1), (7, 2), (7, 3), (6, 3), (5, 3), (7, 4), (7, 5), (7, 6), (7, 7), (8, 7), (9, 7), (10, 7), (11, 7), (12, 7), (13, 7), (13, 8)]
[(1, 1), (2, 1), (3, 1), (4, 1), (5, 1), (6, 1), (7, 1), (8, 1), (9, 1), (7, 2), (7, 3), (6, 3), (5, 3), (7, 4), (7, 5), (7, 6), (7, 7), (8, 7), (9, 7), (10, 7), (11, 7), (12, 7), (13, 7), (13, 8), (13, 9)]
[(1, 1), (2, 1), (3, 1), (4, 1), (5, 1), (6, 1), (7, 1), (8, 1), (9, 1), (7, 2), (7, 3), (6, 3), (5, 3), (7, 4), (7, 5), (7, 6), (7, 7), (8, 7), (9, 7), (10, 7), (11, 7), (12, 7), (13, 7), (13, 8), (13, 9), (13, 6)]
[(1, 1), (2, 1), (3, 1), (4, 1), (5, 1), (6, 1), (7, 1), (8, 1), (9, 1), (7, 2), (7, 3), (6, 3), (5, 3), (7, 4), (7, 5), (7, 6), (7, 7), (8, 7), (9, 7), (10, 7), (11, 7), (12, 7), (13, 7), (13, 8), (13, 9), (13, 6), (13, 5)]
[(1, 1), (2, 1), (3, 1), (4, 1), (5, 1), (6, 1), (7, 1), (8, 1), (9, 1), (7, 2), (7, 3), (6, 3), (5, 3), (7, 4), (7, 5), (7, 6), (7, 7), (8, 7), (9, 7), (10, 7), (11, 7), (12, 7), (13, 7), (13, 8), (13, 9), (13, 6), (13, 5), (13, 4)]
[(1, 1), (2, 1), (3, 1), (4, 1), (5, 1), (6, 1), (7, 1), (8, 1), (9, 1), (7, 2), (7, 3), (6, 3), (5, 3), (7, 4), (7, 5), (7, 6), (7, 7), (8, 7), (9, 7), (10, 7), (11, 7), (12, 7), (13, 7), (13, 8), (13, 9), (13, 6), (13, 5), (13, 4), (13, 3)]
[(1, 1), (2, 1), (3, 1), (4, 1), (5, 1), (6, 1), (7, 1), (8, 1), (9, 1), (7, 2), (7, 3), (6, 3), (5, 3), (7, 4), (7, 5), (7, 6), (7, 7), (8, 7), (9, 7), (10, 7), (11, 7), (12, 7), (13, 7), (13, 8), (13, 9), (13, 6), (13, 5), (13, 4), (13, 3), (13, 2)]
[(1, 1), (2, 1), (3, 1), (4, 1), (5, 1), (6, 1), (7, 1), (8, 1), (9, 1), (7, 2), (7, 3), (6, 3), (5, 3), (7, 4), (7, 5), (7, 6), (7, 7), (8, 7), (9, 7), (10, 7), (11, 7), (12, 7), (13, 7), (13, 8), (13, 9), (13, 6), (13, 5), (13, 4), (13, 3), (13, 2), (13, 1)]
[(1, 1), (2, 1), (3, 1), (4, 1), (5, 1), (6, 1), (7, 1), (8, 1), (9, 1), (7, 2), (7, 3), (6, 3), (5, 3), (7, 4), (7, 5), (7, 6), (7, 7), (8, 7), (9, 7), (10, 7), (11, 7), (12, 7), (13, 7), (13, 8), (13, 9), (13, 6), (13, 5), (13, 4), (13, 3), (13, 2), (13, 1), (11, 6)]
[(1, 1), (2, 1), (3, 1), (4, 1), (5, 1), (6, 1), (7, 1), (8, 1), (9, 1), (7, 2), (7, 3), (6, 3), (5, 3), (7, 4), (7, 5), (7, 6), (7, 7), (8, 7), (9, 7), (10, 7), (11, 7), (12, 7), (13, 7), (13, 8), (13, 9), (13, 6), (13, 5), (13, 4), (13, 3), (13, 2), (13, 1), (11, 6), (11, 5)]
[(1, 1), (2, 1), (3, 1), (4, 1), (5, 1), (6, 1), (7, 1), (8, 1), (9, 1), (7, 2), (7, 3), (6, 3), (5, 3), (7, 4), (7, 5), (7, 6), (7, 7), (8, 7), (9, 7), (10, 7), (11, 7), (12, 7), (13, 7), (13, 8), (13, 9), (13, 6), (13, 5), (13, 4), (13, 3), (13, 2), (13, 1), (11, 6), (11, 5), (11, 4)]
[(1, 1), (2, 1), (3, 1), (4, 1), (5, 1), (6, 1), (7, 1), (8, 1), (9, 1), (7, 2), (7, 3), (6, 3), (5, 3), (7, 4), (7, 5), (7, 6), (7, 7), (8, 7), (9, 7), (10, 7), (11, 7), (12, 7), (13, 7), (13, 8), (13, 9), (13, 6), (13, 5), (13, 4), (13, 3), (13, 2), (13, 1), (11, 6), (11, 5), (11, 4), (11, 3)]
[(1, 1), (2, 1), (3, 1), (4, 1), (5, 1), (6, 1), (7, 1), (8, 1), (9, 1), (7, 2), (7, 3), (6, 3), (5, 3), (7, 4), (7, 5), (7, 6), (7, 7), (8, 7), (9, 7), (10, 7), (11, 7), (12, 7), (13, 7), (13, 8), (13, 9), (13, 6), (13, 5), (13, 4), (13, 3), (13, 2), (13, 1), (11, 6), (11, 5), (11, 4), (11, 3), (10, 3)]
[(1, 1), (2, 1), (3, 1), (4, 1), (5, 1), (6, 1), (7, 1), (8, 1), (9, 1), (7, 2), (7, 3), (6, 3), (5, 3), (7, 4), (7, 5), (7, 6), (7, 7), (8, 7), (9, 7), (10, 7), (11, 7), (12, 7), (13, 7), (13, 8), (13, 9), (13, 6), (13, 5), (13, 4), (13, 3), (13, 2), (13, 1), (11, 6), (11, 5), (11, 4), (11, 3), (10, 3), (9, 3)]
[(1, 1), (2, 1), (3, 1), (4, 1), (5, 1), (6, 1), (7, 1), (8, 1), (9, 1), (7, 2), (7, 3), (6, 3), (5, 3), (7, 4), (7, 5), (7, 6), (7, 7), (8, 7), (9, 7), (10, 7), (11, 7), (12, 7), (13, 7), (13, 8), (13, 9), (13, 6), (13, 5), (13, 4), (13, 3), (13, 2), (13, 1), (11, 6), (11, 5), (11, 4), (11, 3), (10, 3), (9, 3), (11, 2)]
[(1, 1), (2, 1), (3, 1), (4, 1), (5, 1), (6, 1), (7, 1), (8, 1), (9, 1), (7, 2), (7, 3), (6, 3), (5, 3), (7, 4), (7, 5), (7, 6), (7, 7), (8, 7), (9, 7), (10, 7), (11, 7), (12, 7), (13, 7), (13, 8), (13, 9), (13, 6), (13, 5), (13, 4), (13, 3), (13, 2), (13, 1), (11, 6), (11, 5), (11, 4), (11, 3), (10, 3), (9, 3), (11, 2), (11, 1)]
[(1, 1), (2, 1), (3, 1), (4, 1), (5, 1), (6, 1), (7, 1), (8, 1), (9, 1), (7, 2), (7, 3), (6, 3), (5, 3), (7, 4), (7, 5), (7, 6), (7, 7), (8, 7), (9, 7), (10, 7), (11, 7), (12, 7), (13, 7), (13, 8), (13, 9), (13, 6), (13, 5), (13, 4), (13, 3), (13, 2), (13, 1), (11, 6), (11, 5), (11, 4), (11, 3), (10, 3), (9, 3), (11, 2), (11, 1), (9, 8)]
[(1, 1), (2, 1), (3, 1), (4, 1), (5, 1), (6, 1), (7, 1), (8, 1), (9, 1), (7, 2), (7, 3), (6, 3), (5, 3), (7, 4), (7, 5), (7, 6), (7, 7), (8, 7), (9, 7), (10, 7), (11, 7), (12, 7), (13, 7), (13, 8), (13, 9), (13, 6), (13, 5), (13, 4), (13, 3), (13, 2), (13, 1), (11, 6), (11, 5), (11, 4), (11, 3), (10, 3), (9, 3), (11, 2), (11, 1), (9, 8), (9, 9)]
[(1, 1), (2, 1), (3, 1), (4, 1), (5, 1), (6, 1), (7, 1), (8, 1), (9, 1), (7, 2), (7, 3), (6, 3), (5, 3), (7, 4), (7, 5), (7, 6), (7, 7), (8, 7), (9, 7), (10, 7), (11, 7), (12, 7), (13, 7), (13, 8), (13, 9), (13, 6), (13, 5), (13, 4), (13, 3), (13, 2), (13, 1), (11, 6), (11, 5), (11, 4), (11, 3), (10, 3), (9, 3), (11, 2), (11, 1), (9, 8), (9, 9), (8, 9)]
[(1, 1), (2, 1), (3, 1), (4, 1), (5, 1), (6, 1), (7, 1), (8, 1), (9, 1), (7, 2), (7, 3), (6, 3), (5, 3), (7, 4), (7, 5), (7, 6), (7, 7), (8, 7), (9, 7), (10, 7), (11, 7), (12, 7), (13, 7), (13, 8), (13, 9), (13, 6), (13, 5), (13, 4), (13, 3), (13, 2), (13, 1), (11, 6), (11, 5), (11, 4), (11, 3), (10, 3), (9, 3), (11, 2), (11, 1), (9, 8), (9, 9), (8, 9), (7, 9)]
[(1, 1), (2, 1), (3, 1), (4, 1), (5, 1), (6, 1), (7, 1), (8, 1), (9, 1), (7, 2), (7, 3), (6, 3), (5, 3), (7, 4), (7, 5), (7, 6), (7, 7), (8, 7), (9, 7), (10, 7), (11, 7), (12, 7), (13, 7), (13, 8), (13, 9), (13, 6), (13, 5), (13, 4), (13, 3), (13, 2), (13, 1), (11, 6), (11, 5), (11, 4), (11, 3), (10, 3), (9, 3), (11, 2), (11, 1), (9, 8), (9, 9), (8, 9), (7, 9), (7, 10)]
[(1, 1), (2, 1), (3, 1), (4, 1), (5, 1), (6, 1), (7, 1), (8, 1), (9, 1), (7, 2), (7, 3), (6, 3), (5, 3), (7, 4), (7, 5), (7, 6), (7, 7), (8, 7), (9, 7), (10, 7), (11, 7), (12, 7), (13, 7), (13, 8), (13, 9), (13, 6), (13, 5), (13, 4), (13, 3), (13, 2), (13, 1), (11, 6), (11, 5), (11, 4), (11, 3), (10, 3), (9, 3), (11, 2), (11, 1), (9, 8), (9, 9), (8, 9), (7, 9), (7, 10), (7, 11)]
[(1, 1), (2, 1), (3, 1), (4, 1), (5, 1), (6, 1), (7, 1), (8, 1), (9, 1), (7, 2), (7, 3), (6, 3), (5, 3), (7, 4), (7, 5), (7, 6), (7, 7), (8, 7), (9, 7), (10, 7), (11, 7), (12, 7), (13, 7), (13, 8), (13, 9), (13, 6), (13, 5), (13, 4), (13, 3), (13, 2), (13, 1), (11, 6), (11, 5), (11, 4), (11, 3), (10, 3), (9, 3), (11, 2), (11, 1), (9, 8), (9, 9), (8, 9), (7, 9), (7, 10), (7, 11), (7, 12)]
[(1, 1), (2, 1), (3, 1), (4, 1), (5, 1), (6, 1), (7, 1), (8, 1), (9, 1), (7, 2), (7, 3), (6, 3), (5, 3), (7, 4), (7, 5), (7, 6), (7, 7), (8, 7), (9, 7), (10, 7), (11, 7), (12, 7), (13, 7), (13, 8), (13, 9), (13, 6), (13, 5), (13, 4), (13, 3), (13, 2), (13, 1), (11, 6), (11, 5), (11, 4), (11, 3), (10, 3), (9, 3), (11, 2), (11, 1), (9, 8), (9, 9), (8, 9), (7, 9), (7, 10), (7, 11), (7, 12), (7, 13)]
[(1, 1), (2, 1), (3, 1), (4, 1), (5, 1), (6, 1), (7, 1), (8, 1), (9, 1), (7, 2), (7, 3), (6, 3), (5, 3), (7, 4), (7, 5), (7, 6), (7, 7), (8, 7), (9, 7), (10, 7), (11, 7), (12, 7), (13, 7), (13, 8), (13, 9), (13, 6), (13, 5), (13, 4), (13, 3), (13, 2), (13, 1), (11, 6), (11, 5), (11, 4), (11, 3), (10, 3), (9, 3), (11, 2), (11, 1), (9, 8), (9, 9), (8, 9), (7, 9), (7, 10), (7, 11), (7, 12), (7, 13), (6, 13)]
[(1, 1), (2, 1), (3, 1), (4, 1), (5, 1), (6, 1), (7, 1), (8, 1), (9, 1), (7, 2), (7, 3), (6, 3), (5, 3), (7, 4), (7, 5), (7, 6), (7, 7), (8, 7), (9, 7), (10, 7), (11, 7), (12, 7), (13, 7), (13, 8), (13, 9), (13, 6), (13, 5), (13, 4), (13, 3), (13, 2), (13, 1), (11, 6), (11, 5), (11, 4), (11, 3), (10, 3), (9, 3), (11, 2), (11, 1), (9, 8), (9, 9), (8, 9), (7, 9), (7, 10), (7, 11), (7, 12), (7, 13), (6, 13), (5, 13)]
[(1, 1), (2, 1), (3, 1), (4, 1), (5, 1), (6, 1), (7, 1), (8, 1), (9, 1), (7, 2), (7, 3), (6, 3), (5, 3), (7, 4), (7, 5), (7, 6), (7, 7), (8, 7), (9, 7), (10, 7), (11, 7), (12, 7), (13, 7), (13, 8), (13, 9), (13, 6), (13, 5), (13, 4), (13, 3), (13, 2), (13, 1), (11, 6), (11, 5), (11, 4), (11, 3), (10, 3), (9, 3), (11, 2), (11, 1), (9, 8), (9, 9), (8, 9), (7, 9), (7, 10), (7, 11), (7, 12), (7, 13), (6, 13), (5, 13), (8, 13)]
[(1, 1), (2, 1), (3, 1), (4, 1), (5, 1), (6, 1), (7, 1), (8, 1), (9, 1), (7, 2), (7, 3), (6, 3), (5, 3), (7, 4), (7, 5), (7, 6), (7, 7), (8, 7), (9, 7), (10, 7), (11, 7), (12, 7), (13, 7), (13, 8), (13, 9), (13, 6), (13, 5), (13, 4), (13, 3), (13, 2), (13, 1), (11, 6), (11, 5), (11, 4), (11, 3), (10, 3), (9, 3), (11, 2), (11, 1), (9, 8), (9, 9), (8, 9), (7, 9), (7, 10), (7, 11), (7, 12), (7, 13), (6, 13), (5, 13), (8, 13), (9, 13)]
[(1, 1), (2, 1), (3, 1), (4, 1), (5, 1), (6, 1), (7, 1), (8, 1), (9, 1), (7, 2), (7, 3), (6, 3), (5, 3), (7, 4), (7, 5), (7, 6), (7, 7), (8, 7), (9, 7), (10, 7), (11, 7), (12, 7), (13, 7), (13, 8), (13, 9), (13, 6), (13, 5), (13, 4), (13, 3), (13, 2), (13, 1), (11, 6), (11, 5), (11, 4), (11, 3), (10, 3), (9, 3), (11, 2), (11, 1), (9, 8), (9, 9), (8, 9), (7, 9), (7, 10), (7, 11), (7, 12), (7, 13), (6, 13), (5, 13), (8, 13), (9, 13), (10, 13)]
[(1, 1), (2, 1), (3, 1), (4, 1), (5, 1), (6, 1), (7, 1), (8, 1), (9, 1), (7, 2), (7, 3), (6, 3), (5, 3), (7, 4), (7, 5), (7, 6), (7, 7), (8, 7), (9, 7), (10, 7), (11, 7), (12, 7), (13, 7), (13, 8), (13, 9), (13, 6), (13, 5), (13, 4), (13, 3), (13, 2), (13, 1), (11, 6), (11, 5), (11, 4), (11, 3), (10, 3), (9, 3), (11, 2), (11, 1), (9, 8), (9, 9), (8, 9), (7, 9), (7, 10), (7, 11), (7, 12), (7, 13), (6, 13), (5, 13), (8, 13), (9, 13), (10, 13), (11, 13)]
[(1, 1), (2, 1), (3, 1), (4, 1), (5, 1), (6, 1), (7, 1), (8, 1), (9, 1), (7, 2), (7, 3), (6, 3), (5, 3), (7, 4), (7, 5), (7, 6), (7, 7), (8, 7), (9, 7), (10, 7), (11, 7), (12, 7), (13, 7), (13, 8), (13, 9), (13, 6), (13, 5), (13, 4), (13, 3), (13, 2), (13, 1), (11, 6), (11, 5), (11, 4), (11, 3), (10, 3), (9, 3), (11, 2), (11, 1), (9, 8), (9, 9), (8, 9), (7, 9), (7, 10), (7, 11), (7, 12), (7, 13), (6, 13), (5, 13), (8, 13), (9, 13), (10, 13), (11, 13), (12, 13)]
[(1, 1), (2, 1), (3, 1), (4, 1), (5, 1), (6, 1), (7, 1), (8, 1), (9, 1), (7, 2), (7, 3), (6, 3), (5, 3), (7, 4), (7, 5), (7, 6), (7, 7), (8, 7), (9, 7), (10, 7), (11, 7), (12, 7), (13, 7), (13, 8), (13, 9), (13, 6), (13, 5), (13, 4), (13, 3), (13, 2), (13, 1), (11, 6), (11, 5), (11, 4), (11, 3), (10, 3), (9, 3), (11, 2), (11, 1), (9, 8), (9, 9), (8, 9), (7, 9), (7, 10), (7, 11), (7, 12), (7, 13), (6, 13), (5, 13), (8, 13), (9, 13), (10, 13), (11, 13), (12, 13), (13, 13)]
