[]
[(1, 1)]
[(1, 1), (1, 2)]
[(1, 1), (1, 2), (2, 1)]
[(1, 1), (1, 2), (2, 1), (1, 3)]
[(1, 1), (1, 2), (2, 1), (1, 3), (3, 1)]
[(1, 1), (1, 2), (2, 1), (1, 3), (3, 1), (2, 3)]
[(1, 1), (1, 2), (2, 1), (1, 3), (3, 1), (2, 3), (4, 1)]
[(1, 1), (1, 2), (2, 1), (1, 3), (3, 1), (2, 3), (4, 1), (3, 3)]
[(1, 1), (1, 2), (2, 1), (1, 3), (3, 1), (2, 3), (4, 1), (3, 3), (5, 1)]
[(1, 1), (1, 2), (2, 1), (1, 3), (3, 1), (2, 3), (4, 1), (3, 3), (5, 1), (3, 4)]
[(1, 1), (1, 2), (2, 1), (1, 3), (3, 1), (2, 3), (4, 1), (3, 3), (5, 1), (3, 4), (6, 1)]
[(1, 1), (1, 2), (2, 1), (1, 3), (3, 1), (2, 3), (4, 1), (3, 3), (5, 1), (3, 4), (6, 1), (3, 5)]
[(1, 1), (1, 2), (2, 1), (1, 3), (3, 1), (2, 3), (4, 1), (3, 3), (5, 1), (3, 4), (6, 1), (3, 5), (7, 1)]
[(1, 1), (1, 2), (2, 1), (1, 3), (3, 1), (2, 3), (4, 1), (3, 3), (5, 1), (3, 4), (6, 1), (3, 5), (7, 1), (3, 6)]
[(1, 1), (1, 2), (2, 1), (1, 3), (3, 1), (2, 3), (4, 1), (3, 3), (5, 1), (3, 4), (6, 1), (3, 5), (7, 1), (3, 6), (4, 5)]
[(1, 1), (1, 2), (2, 1), (1, 3), (3, 1), (2, 3), (4, 1), (3, 3), (5, 1), (3, 4), (6, 1), (3, 5), (7, 1), (3, 6), (4, 5), (2, 5)]
[(1, 1), (1, 2), (2, 1), (1, 3), (3, 1), (2, 3), (4, 1), (3, 3), (5, 1), (3, 4), (6, 1), (3, 5), (7, 1), (3, 6), (4, 5), (2, 5), (7, 2)]
[(1, 1), (1, 2), (2, 1), (1, 3), (3, 1), (2, 3), (4, 1), (3, 3), (5, 1), (3, 4), (6, 1), (3, 5), (7, 1), (3, 6), (4, 5), (2, 5), (7, 2), (8, 1)]
[(1, 1), (1, 2), (2, 1), (1, 3), (3, 1), (2, 3), (4, 1), (3, 3), (5, 1), (3, 4), (6, 1), (3, 5), (7, 1), (3, 6), (4, 5), (2, 5), (7, 2), (8, 1), (3, 7)]
[(1, 1), (1, 2), (2, 1), (1, 3), (3, 1), (2, 3), (4, 1), (3, 3), (5, 1), (3, 4), (6, 1), (3, 5), (7, 1), (3, 6), (4, 5), (2, 5), (7, 2), (8, 1), (3, 7), (5, 5)]
[(1, 1), (1, 2), (2, 1), (1, 3), (3, 1), (2, 3), (4, 1), (3, 3), (5, 1), (3, 4), (6, 1), (3, 5), (7, 1), (3, 6), (4, 5), (2, 5), (7, 2), (8, 1), (3, 7), (5, 5), (1, 5)]
[(1, 1), (1, 2), (2, 1), (1, 3), (3, 1), (2, 3), (4, 1), (3, 3), (5, 1), (3, 4), (6, 1), (3, 5), (7, 1), (3, 6), (4, 5), (2, 5), (7, 2), (8, 1), (3, 7), (5, 5), (1, 5), (7, 3)]
[(1, 1), (1, 2), (2, 1), (1, 3), (3, 1), (2, 3), (4, 1), (3, 3), (5, 1), (3, 4), (6, 1), (3, 5), (7, 1), (3, 6), (4, 5), (2, 5), (7, 2), (8, 1), (3, 7), (5, 5), (1, 5), (7, 3), (9, 1)]
[(1, 1), (1, 2), (2, 1), (1, 3), (3, 1), (2, 3), (4, 1), (3, 3), (5, 1), (3, 4), (6, 1), (3, 5), (7, 1), (3, 6), (4, 5), (2, 5), (7, 2), (8, 1), (3, 7), (5, 5), (1, 5), (7, 3), (9, 1), (3, 8)]
[(1, 1), (1, 2), (2, 1), (1, 3), (3, 1), (2, 3), (4, 1), (3, 3), (5, 1), (3, 4), (6, 1), (3, 5), (7, 1), (3, 6), (4, 5), (2, 5), (7, 2), (8, 1), (3, 7), (5, 5), (1, 5), (7, 3), (9, 1), (3, 8), (5, 6)]
[(1, 1), (1, 2), (2, 1), (1, 3), (3, 1), (2, 3), (4, 1), (3, 3), (5, 1), (3, 4), (6, 1), (3, 5), (7, 1), (3, 6), (4, 5), (2, 5), (7, 2), (8, 1), (3, 7), (5, 5), (1, 5), (7, 3), (9, 1), (3, 8), (5, 6), (1, 6)]
[(1, 1), (1, 2), (2, 1), (1, 3), (3, 1), (2, 3), (4, 1), (3, 3), (5, 1), (3, 4), (6, 1), (3, 5), (7, 1), (3, 6), (4, 5), (2, 5), (7, 2), (8, 1), (3, 7), (5, 5), (1, 5), (7, 3), (9, 1), (3, 8), (5, 6), (1, 6), (7, 4)]
[(1, 1), (1, 2), (2, 1), (1, 3), (3, 1), (2, 3), (4, 1), (3, 3), (5, 1), (3, 4), (6, 1), (3, 5), (7, 1), (3, 6), (4, 5), (2, 5), (7, 2), (8, 1), (3, 7), (5, 5), (1, 5), (7, 3), (9, 1), (3, 8), (5, 6), (1, 6), (7, 4), (6, 3)]
[(1, 1), (1, 2), (2, 1), (1, 3), (3, 1), (2, 3), (4, 1), (3, 3), (5, 1), (3, 4), (6, 1), (3, 5), (7, 1), (3, 6), (4, 5), (2, 5), (7, 2), (8, 1), (3, 7), (5, 5), (1, 5), (7, 3), (9, 1), (3, 8), (5, 6), (1, 6), (7, 4), (6, 3), (3, 9)]
[(1, 1), (1, 2), (2, 1), (1, 3), (3, 1), (2, 3), (4, 1), (3, 3), (5, 1), (3, 4), (6, 1), (3, 5), (7, 1), (3, 6), (4, 5), (2, 5), (7, 2), (8, 1), (3, 7), (5, 5), (1, 5), (7, 3), (9, 1), (3, 8), (5, 6), (1, 6), (7, 4), (6, 3), (3, 9), (5, 7)]
[(1, 1), (1, 2), (2, 1), (1, 3), (3, 1), (2, 3), (4, 1), (3, 3), (5, 1), (3, 4), (6, 1), (3, 5), (7, 1), (3, 6), (4, 5), (2, 5), (7, 2), (8, 1), (3, 7), (5, 5), (1, 5), (7, 3), (9, 1), (3, 8), (5, 6), (1, 6), (7, 4), (6, 3), (3, 9), (5, 7), (1, 7)]
[(1, 1), (1, 2), (2, 1), (1, 3), (3, 1), (2, 3), (4, 1), (3, 3), (5, 1), (3, 4), (6, 1), (3, 5), (7, 1), (3, 6), (4, 5), (2, 5), (7, 2), (8, 1), (3, 7), (5, 5), (1, 5), (7, 3), (9, 1), (3, 8), (5, 6), (1, 6), (7, 4), (6, 3), (3, 9), (5, 7), (1, 7), (7, 5)]
[(1, 1), (1, 2), (2, 1), (1, 3), (3, 1), (2, 3), (4, 1), (3, 3), (5, 1), (3, 4), (6, 1), (3, 5), (7, 1), (3, 6), (4, 5), (2, 5), (7, 2), (8, 1), (3, 7), (5, 5), (1, 5), (7, 3), (9, 1), (3, 8), (5, 6), (1, 6), (7, 4), (6, 3), (3, 9), (5, 7), (1, 7), (7, 5), (5, 3)]
[(1, 1), (1, 2), (2, 1), (1, 3), (3, 1), (2, 3), (4, 1), (3, 3), (5, 1), (3, 4), (6, 1), (3, 5), (7, 1), (3, 6), (4, 5), (2, 5), (7, 2), (8, 1), (3, 7), (5, 5), (1, 5), (7, 3), (9, 1), (3, 8), (5, 6), (1, 6), (7, 4), (6, 3), (3, 9), (5, 7), (1, 7), (7, 5), (5, 3), (2, 9)]
[(1, 1), (1, 2), (2, 1), (1, 3), (3, 1), (2, 3), (4, 1), (3, 3), (5, 1), (3, 4), (6, 1), (3, 5), (7, 1), (3, 6), (4, 5), (2, 5), (7, 2), (8, 1), (3, 7), (5, 5), (1, 5), (7, 3), (9, 1), (3, 8), (5, 6), (1, 6), (7, 4), (6, 3), (3, 9), (5, 7), (1, 7), (7, 5), (5, 3), (2, 9), (5, 8)]
[(1, 1), (1, 2), (2, 1), (1, 3), (3, 1), (2, 3), (4, 1), (3, 3), (5, 1), (3, 4), (6, 1), (3, 5), (7, 1), (3, 6), (4, 5), (2, 5), (7, 2), (8, 1), (3, 7), (5, 5), (1, 5), (7, 3), (9, 1), (3, 8), (5, 6), (1, 6), (7, 4), (6, 3), (3, 9), (5, 7), (1, 7), (7, 5), (5, 3), (2, 9), (5, 8), (7, 6)]
[(1, 1), (1, 2), (2, 1), (1, 3), (3, 1), (2, 3), (4, 1), (3, 3), (5, 1), (3, 4), (6, 1), (3, 5), (7, 1), (3, 6), (4, 5), (2, 5), (7, 2), (8, 1), (3, 7), (5, 5), (1, 5), (7, 3), (9, 1), (3, 8), (5, 6), (1, 6), (7, 4), (6, 3), (3, 9), (5, 7), (1, 7), (7, 5), (5, 3), (2, 9), (5, 8), (7, 6), (1, 9)]
[(1, 1), (1, 2), (2, 1), (1, 3), (3, 1), (2, 3), (4, 1), (3, 3), (5, 1), (3, 4), (6, 1), (3, 5), (7, 1), (3, 6), (4, 5), (2, 5), (7, 2), (8, 1), (3, 7), (5, 5), (1, 5), (7, 3), (9, 1), (3, 8), (5, 6), (1, 6), (7, 4), (6, 3), (3, 9), (5, 7), (1, 7), (7, 5), (5, 3), (2, 9), (5, 8), (7, 6), (1, 9), (5, 9)]
[(1, 1), (1, 2), (2, 1), (1, 3), (3, 1), (2, 3), (4, 1), (3, 3), (5, 1), (3, 4), (6, 1), (3, 5), (7, 1), (3, 6), (4, 5), (2, 5), (7, 2), (8, 1), (3, 7), (5, 5), (1, 5), (7, 3), (9, 1), (3, 8), (5, 6), (1, 6), (7, 4), (6, 3), (3, 9), (5, 7), (1, 7), (7, 5), (5, 3), (2, 9), (5, 8), (7, 6), (1, 9), (5, 9), (7, 7)]
[(1, 1), (1, 2), (2, 1), (1, 3), (3, 1), (2, 3), (4, 1), (3, 3), (5, 1), (3, 4), (6, 1), (3, 5), (7, 1), (3, 6), (4, 5), (2, 5), (7, 2), (8, 1), (3, 7), (5, 5), (1, 5), (7, 3), (9, 1), (3, 8), (5, 6), (1, 6), (7, 4), (6, 3), (3, 9), (5, 7), (1, 7), (7, 5), (5, 3), (2, 9), (5, 8), (7, 6), (1, 9), (5, 9), (7, 7), (5, 10)]
[(1, 1), (1, 2), (2, 1), (1, 3), (3, 1), (2, 3), (4, 1), (3, 3), (5, 1), (3, 4), (6, 1), (3, 5), (7, 1), (3, 6), (4, 5), (2, 5), (7, 2), (8, 1), (3, 7), (5, 5), (1, 5), (7, 3), (9, 1), (3, 8), (5, 6), (1, 6), (7, 4), (6, 3), (3, 9), (5, 7), (1, 7), (7, 5), (5, 3), (2, 9), (5, 8), (7, 6), (1, 9), (5, 9), (7, 7), (5, 10), (8, 7)]
[(1, 1), (1, 2), (2, 1), (1, 3), (3, 1), (2, 3), (4, 1), (3, 3), (5, 1), (3, 4), (6, 1), (3, 5), (7, 1), (3, 6), (4, 5), (2, 5), (7, 2), (8, 1), (3, 7), (5, 5), (1, 5), (7, 3), (9, 1), (3, 8), (5, 6), (1, 6), (7, 4), (6, 3), (3, 9), (5, 7), (1, 7), (7, 5), (5, 3), (2, 9), (5, 8), (7, 6), (1, 9), (5, 9), (7, 7), (5, 10), (8, 7), (5, 11)]
[(1, 1), (1, 2), (2, 1), (1, 3), (3, 1), (2, 3), (4, 1), (3, 3), (5, 1), (3, 4), (6, 1), (3, 5), (7, 1), (3, 6), (4, 5), (2, 5), (7, 2), (8, 1), (3, 7), (5, 5), (1, 5), (7, 3), (9, 1), (3, 8), (5, 6), (1, 6), (7, 4), (6, 3), (3, 9), (5, 7), (1, 7), (7, 5), (5, 3), (2, 9), (5, 8), (7, 6), (1, 9), (5, 9), (7, 7), (5, 10), (8, 7), (5, 11), (9, 7)]
[(1, 1), (1, 2), (2, 1), (1, 3), (3, 1), (2, 3), (4, 1), (3, 3), (5, 1), (3, 4), (6, 1), (3, 5), (7, 1), (3, 6), (4, 5), (2, 5), (7, 2), (8, 1), (3, 7), (5, 5), (1, 5), (7, 3), (9, 1), (3, 8), (5, 6), (1, 6), (7, 4), (6, 3), (3, 9), (5, 7), (1, 7), (7, 5), (5, 3), (2, 9), (5, 8), (7, 6), (1, 9), (5, 9), (7, 7), (5, 10), (8, 7), (5, 11), (9, 7), (4, 11)]
[(1, 1), (1, 2), (2, 1), (1, 3), (3, 1), (2, 3), (4, 1), (3, 3), (5, 1), (3, 4), (6, 1), (3, 5), (7, 1), (3, 6), (4, 5), (2, 5), (7, 2), (8, 1), (3, 7), (5, 5), (1, 5), (7, 3), (9, 1), (3, 8), (5, 6), (1, 6), (7, 4), (6, 3), (3, 9), (5, 7), (1, 7), (7, 5), (5, 3), (2, 9), (5, 8), (7, 6), (1, 9), (5, 9), (7, 7), (5, 10), (8, 7), (5, 11), (9, 7), (4, 11), (9, 6)]
[(1, 1), (1, 2), (2, 1), (1, 3), (3, 1), (2, 3), (4, 1), (3, 3), (5, 1), (3, 4), (6, 1), (3, 5), (7, 1), (3, 6), (4, 5), (2, 5), (7, 2), (8, 1), (3, 7), (5, 5), (1, 5), (7, 3), (9, 1), (3, 8), (5, 6), (1, 6), (7, 4), (6, 3), (3, 9), (5, 7), (1, 7), (7, 5), (5, 3), (2, 9), (5, 8), (7, 6), (1, 9), (5, 9), (7, 7), (5, 10), (8, 7), (5, 11), (9, 7), (4, 11), (9, 6), (9, 8)]
[(1, 1), (1, 2), (2, 1), (1, 3), (3, 1), (2, 3), (4, 1), (3, 3), (5, 1), (3, 4), (6, 1), (3, 5), (7, 1), (3, 6), (4, 5), (2, 5), (7, 2), (8, 1), (3, 7), (5, 5), (1, 5), (7, 3), (9, 1), (3, 8), (5, 6), (1, 6), (7, 4), (6, 3), (3, 9), (5, 7), (1, 7), (7, 5), (5, 3), (2, 9), (5, 8), (7, 6), (1, 9), (5, 9), (7, 7), (5, 10), (8, 7), (5, 11), (9, 7), (4, 11), (9, 6), (9, 8), (10, 7)]
[(1, 1), (1, 2), (2, 1), (1, 3), (3, 1), (2, 3), (4, 1), (3, 3), (5, 1), (3, 4), (6, 1), (3, 5), (7, 1), (3, 6), (4, 5), (2, 5), (7, 2), (8, 1), (3, 7), (5, 5), (1, 5), (7, 3), (9, 1), (3, 8), (5, 6), (1, 6), (7, 4), (6, 3), (3, 9), (5, 7), (1, 7), (7, 5), (5, 3), (2, 9), (5, 8), (7, 6), (1, 9), (5, 9), (7, 7), (5, 10), (8, 7), (5, 11), (9, 7), (4, 11), (9, 6), (9, 8), (10, 7), (3, 11)]
[(1, 1), (1, 2), (2, 1), (1, 3), (3, 1), (2, 3), (4, 1), (3, 3), (5, 1), (3, 4), (6, 1), (3, 5), (7, 1), (3, 6), (4, 5), (2, 5), (7, 2), (8, 1), (3, 7), (5, 5), (1, 5), (7, 3), (9, 1), (3, 8), (5, 6), (1, 6), (7, 4), (6, 3), (3, 9), (5, 7), (1, 7), (7, 5), (5, 3), (2, 9), (5, 8), (7, 6), (1, 9), (5, 9), (7, 7), (5, 10), (8, 7), (5, 11), (9, 7), (4, 11), (9, 6), (9, 8), (10, 7), (3, 11), (9, 5)]
[(1, 1), (1, 2), (2, 1), (1, 3), (3, 1), (2, 3), (4, 1), (3, 3), (5, 1), (3, 4), (6, 1), (3, 5), (7, 1), (3, 6), (4, 5), (2, 5), (7, 2), (8, 1), (3, 7), (5, 5), (1, 5), (7, 3), (9, 1), (3, 8), (5, 6), (1, 6), (7, 4), (6, 3), (3, 9), (5, 7), (1, 7), (7, 5), (5, 3), (2, 9), (5, 8), (7, 6), (1, 9), (5, 9), (7, 7), (5, 10), (8, 7), (5, 11), (9, 7), (4, 11), (9, 6), (9, 8), (10, 7), (3, 11), (9, 5), (9, 9)]
[(1, 1), (1, 2), (2, 1), (1, 3), (3, 1), (2, 3), (4, 1), (3, 3), (5, 1), (3, 4), (6, 1), (3, 5), (7, 1), (3, 6), (4, 5), (2, 5), (7, 2), (8, 1), (3, 7), (5, 5), (1, 5), (7, 3), (9, 1), (3, 8), (5, 6), (1, 6), (7, 4), (6, 3), (3, 9), (5, 7), (1, 7), (7, 5), (5, 3), (2, 9), (5, 8), (7, 6), (1, 9), (5, 9), (7, 7), (5, 10), (8, 7), (5, 11), (9, 7), (4, 11), (9, 6), (9, 8), (10, 7), (3, 11), (9, 5), (9, 9), (11, 7)]
[(1, 1), (1, 2), (2, 1), (1, 3), (3, 1), (2, 3), (4, 1), (3, 3), (5, 1), (3, 4), (6, 1), (3, 5), (7, 1), (3, 6), (4, 5), (2, 5), (7, 2), (8, 1), (3, 7), (5, 5), (1, 5), (7, 3), (9, 1), (3, 8), (5, 6), (1, 6), (7, 4), (6, 3), (3, 9), (5, 7), (1, 7), (7, 5), (5, 3), (2, 9), (5, 8), (7, 6), (1, 9), (5, 9), (7, 7), (5, 10), (8, 7), (5, 11), (9, 7), (4, 11), (9, 6), (9, 8), (10, 7), (3, 11), (9, 5), (9, 9), (11, 7), (3, 12)]
[(1, 1), (1, 2), (2, 1), (1, 3), (3, 1), (2, 3), (4, 1), (3, 3), (5, 1), (3, 4), (6, 1), (3, 5), (7, 1), (3, 6), (4, 5), (2, 5), (7, 2), (8, 1), (3, 7), (5, 5), (1, 5), (7, 3), (9, 1), (3, 8), (5, 6), (1, 6), (7, 4), (6, 3), (3, 9), (5, 7), (1, 7), (7, 5), (5, 3), (2, 9), (5, 8), (7, 6), (1, 9), (5, 9), (7, 7), (5, 10), (8, 7), (5, 11), (9, 7), (4, 11), (9, 6), (9, 8), (10, 7), (3, 11), (9, 5), (9, 9), (11, 7), (3, 12), (2, 11)]
[(1, 1), (1, 2), (2, 1), (1, 3), (3, 1), (2, 3), (4, 1), (3, 3), (5, 1), (3, 4), (6, 1), (3, 5), (7, 1), (3, 6), (4, 5), (2, 5), (7, 2), (8, 1), (3, 7), (5, 5), (1, 5), (7, 3), (9, 1), (3, 8), (5, 6), (1, 6), (7, 4), (6, 3), (3, 9), (5, 7), (1, 7), (7, 5), (5, 3), (2, 9), (5, 8), (7, 6), (1, 9), (5, 9), (7, 7), (5, 10), (8, 7), (5, 11), (9, 7), (4, 11), (9, 6), (9, 8), (10, 7), (3, 11), (9, 5), (9, 9), (11, 7), (3, 12), (2, 11), (10, 9)]
[(1, 1), (1, 2), (2, 1), (1, 3), (3, 1), (2, 3), (4, 1), (3, 3), (5, 1), (3, 4), (6, 1), (3, 5), (7, 1), (3, 6), (4, 5), (2, 5), (7, 2), (8, 1), (3, 7), (5, 5), (1, 5), (7, 3), (9, 1), (3, 8), (5, 6), (1, 6), (7, 4), (6, 3), (3, 9), (5, 7), (1, 7), (7, 5), (5, 3), (2, 9), (5, 8), (7, 6), (1, 9), (5, 9), (7, 7), (5, 10), (8, 7), (5, 11), (9, 7), (4, 11), (9, 6), (9, 8), (10, 7), (3, 11), (9, 5), (9, 9), (11, 7), (3, 12), (2, 11), (10, 9), (8, 9)]
[(1, 1), (1, 2), (2, 1), (1, 3), (3, 1), (2, 3), (4, 1), (3, 3), (5, 1), (3, 4), (6, 1), (3, 5), (7, 1), (3, 6), (4, 5), (2, 5), (7, 2), (8, 1), (3, 7), (5, 5), (1, 5), (7, 3), (9, 1), (3, 8), (5, 6), (1, 6), (7, 4), (6, 3), (3, 9), (5, 7), (1, 7), (7, 5), (5, 3), (2, 9), (5, 8), (7, 6), (1, 9), (5, 9), (7, 7), (5, 10), (8, 7), (5, 11), (9, 7), (4, 11), (9, 6), (9, 8), (10, 7), (3, 11), (9, 5), (9, 9), (11, 7), (3, 12), (2, 11), (10, 9), (8, 9), (11, 6)]
[(1, 1), (1, 2), (2, 1), (1, 3), (3, 1), (2, 3), (4, 1), (3, 3), (5, 1), (3, 4), (6, 1), (3, 5), (7, 1), (3, 6), (4, 5), (2, 5), (7, 2), (8, 1), (3, 7), (5, 5), (1, 5), (7, 3), (9, 1), (3, 8), (5, 6), (1, 6), (7, 4), (6, 3), (3, 9), (5, 7), (1, 7), (7, 5), (5, 3), (2, 9), (5, 8), (7, 6), (1, 9), (5, 9), (7, 7), (5, 10), (8, 7), (5, 11), (9, 7), (4, 11), (9, 6), (9, 8), (10, 7), (3, 11), (9, 5), (9, 9), (11, 7), (3, 12), (2, 11), (10, 9), (8, 9), (11, 6), (12, 7)]
[(1, 1), (1, 2), (2, 1), (1, 3), (3, 1), (2, 3), (4, 1), (3, 3), (5, 1), (3, 4), (6, 1), (3, 5), (7, 1), (3, 6), (4, 5), (2, 5), (7, 2), (8, 1), (3, 7), (5, 5), (1, 5), (7, 3), (9, 1), (3, 8), (5, 6), (1, 6), (7, 4), (6, 3), (3, 9), (5, 7), (1, 7), (7, 5), (5, 3), (2, 9), (5, 8), (7, 6), (1, 9), (5, 9), (7, 7), (5, 10), (8, 7), (5, 11), (9, 7), (4, 11), (9, 6), (9, 8), (10, 7), (3, 11), (9, 5), (9, 9), (11, 7), (3, 12), (2, 11), (10, 9), (8, 9), (11, 6), (12, 7), (3, 13)]
[(1, 1), (1, 2), (2, 1), (1, 3), (3, 1), (2, 3), (4, 1), (3, 3), (5, 1), (3, 4), (6, 1), (3, 5), (7, 1), (3, 6), (4, 5), (2, 5), (7, 2), (8, 1), (3, 7), (5, 5), (1, 5), (7, 3), (9, 1), (3, 8), (5, 6), (1, 6), (7, 4), (6, 3), (3, 9), (5, 7), (1, 7), (7, 5), (5, 3), (2, 9), (5, 8), (7, 6), (1, 9), (5, 9), (7, 7), (5, 10), (8, 7), (5, 11), (9, 7), (4, 11), (9, 6), (9, 8), (10, 7), (3, 11), (9, 5), (9, 9), (11, 7), (3, 12), (2, 11), (10, 9), (8, 9), (11, 6), (12, 7), (3, 13), (1, 11)]
[(1, 1), (1, 2), (2, 1), (1, 3), (3, 1), (2, 3), (4, 1), (3, 3), (5, 1), (3, 4), (6, 1), (3, 5), (7, 1), (3, 6), (4, 5), (2, 5), (7, 2), (8, 1), (3, 7), (5, 5), (1, 5), (7, 3), (9, 1), (3, 8), (5, 6), (1, 6), (7, 4), (6, 3), (3, 9), (5, 7), (1, 7), (7, 5), (5, 3), (2, 9), (5, 8), (7, 6), (1, 9), (5, 9), (7, 7), (5, 10), (8, 7), (5, 11), (9, 7), (4, 11), (9, 6), (9, 8), (10, 7), (3, 11), (9, 5), (9, 9), (11, 7), (3, 12), (2, 11), (10, 9), (8, 9), (11, 6), (12, 7), (3, 13), (1, 11), (11, 9)]
[(1, 1), (1, 2), (2, 1), (1, 3), (3, 1), (2, 3), (4, 1), (3, 3), (5, 1), (3, 4), (6, 1), (3, 5), (7, 1), (3, 6), (4, 5), (2, 5), (7, 2), (8, 1), (3, 7), (5, 5), (1, 5), (7, 3), (9, 1), (3, 8), (5, 6), (1, 6), (7, 4), (6, 3), (3, 9), (5, 7), (1, 7), (7, 5), (5, 3), (2, 9), (5, 8), (7, 6), (1, 9), (5, 9), (7, 7), (5, 10), (8, 7), (5, 11), (9, 7), (4, 11), (9, 6), (9, 8), (10, 7), (3, 11), (9, 5), (9, 9), (11, 7), (3, 12), (2, 11), (10, 9), (8, 9), (11, 6), (12, 7), (3, 13), (1, 11), (11, 9), (7, 9)]
[(1, 1), (1, 2), (2, 1), (1, 3), (3, 1), (2, 3), (4, 1), (3, 3), (5, 1), (3, 4), (6, 1), (3, 5), (7, 1), (3, 6), (4, 5), (2, 5), (7, 2), (8, 1), (3, 7), (5, 5), (1, 5), (7, 3), (9, 1), (3, 8), (5, 6), (1, 6), (7, 4), (6, 3), (3, 9), (5, 7), (1, 7), (7, 5), (5, 3), (2, 9), (5, 8), (7, 6), (1, 9), (5, 9), (7, 7), (5, 10), (8, 7), (5, 11), (9, 7), (4, 11), (9, 6), (9, 8), (10, 7), (3, 11), (9, 5), (9, 9), (11, 7), (3, 12), (2, 11), (10, 9), (8, 9), (11, 6), (12, 7), (3, 13), (1, 11), (11, 9), (7, 9), (11, 5)]
[(1, 1), (1, 2), (2, 1), (1, 3), (3, 1), (2, 3), (4, 1), (3, 3), (5, 1), (3, 4), (6, 1), (3, 5), (7, 1), (3, 6), (4, 5), (2, 5), (7, 2), (8, 1), (3, 7), (5, 5), (1, 5), (7, 3), (9, 1), (3, 8), (5, 6), (1, 6), (7, 4), (6, 3), (3, 9), (5, 7), (1, 7), (7, 5), (5, 3), (2, 9), (5, 8), (7, 6), (1, 9), (5, 9), (7, 7), (5, 10), (8, 7), (5, 11), (9, 7), (4, 11), (9, 6), (9, 8), (10, 7), (3, 11), (9, 5), (9, 9), (11, 7), (3, 12), (2, 11), (10, 9), (8, 9), (11, 6), (12, 7), (3, 13), (1, 11), (11, 9), (7, 9), (11, 5), (13, 7)]
[(1, 1), (1, 2), (2, 1), (1, 3), (3, 1), (2, 3), (4, 1), (3, 3), (5, 1), (3, 4), (6, 1), (3, 5), (7, 1), (3, 6), (4, 5), (2, 5), (7, 2), (8, 1), (3, 7), (5, 5), (1, 5), (7, 3), (9, 1), (3, 8), (5, 6), (1, 6), (7, 4), (6, 3), (3, 9), (5, 7), (1, 7), (7, 5), (5, 3), (2, 9), (5, 8), (7, 6), (1, 9), (5, 9), (7, 7), (5, 10), (8, 7), (5, 11), (9, 7), (4, 11), (9, 6), (9, 8), (10, 7), (3, 11), (9, 5), (9, 9), (11, 7), (3, 12), (2, 11), (10, 9), (8, 9), (11, 6), (12, 7), (3, 13), (1, 11), (11, 9), (7, 9), (11, 5), (13, 7), (2, 13)]
[(1, 1), (1, 2), (2, 1), (1, 3), (3, 1), (2, 3), (4, 1), (3, 3), (5, 1), (3, 4), (6, 1), (3, 5), (7, 1), (3, 6), (4, 5), (2, 5), (7, 2), (8, 1), (3, 7), (5, 5), (1, 5), (7, 3), (9, 1), (3, 8), (5, 6), (1, 6), (7, 4), (6, 3), (3, 9), (5, 7), (1, 7), (7, 5), (5, 3), (2, 9), (5, 8), (7, 6), (1, 9), (5, 9), (7, 7), (5, 10), (8, 7), (5, 11), (9, 7), (4, 11), (9, 6), (9, 8), (10, 7), (3, 11), (9, 5), (9, 9), (11, 7), (3, 12), (2, 11), (10, 9), (8, 9), (11, 6), (12, 7), (3, 13), (1, 11), (11, 9), (7, 9), (11, 5), (13, 7), (2, 13), (11, 10)]
[(1, 1), (1, 2), (2, 1), (1, 3), (3, 1), (2, 3), (4, 1), (3, 3), (5, 1), (3, 4), (6, 1), (3, 5), (7, 1), (3, 6), (4, 5), (2, 5), (7, 2), (8, 1), (3, 7), (5, 5), (1, 5), (7, 3), (9, 1), (3, 8), (5, 6), (1, 6), (7, 4), (6, 3), (3, 9), (5, 7), (1, 7), (7, 5), (5, 3), (2, 9), (5, 8), (7, 6), (1, 9), (5, 9), (7, 7), (5, 10), (8, 7), (5, 11), (9, 7), (4, 11), (9, 6), (9, 8), (10, 7), (3, 11), (9, 5), (9, 9), (11, 7), (3, 12), (2, 11), (10, 9), (8, 9), (11, 6), (12, 7), (3, 13), (1, 11), (11, 9), (7, 9), (11, 5), (13, 7), (2, 13), (11, 10), (7, 10)]
[(1, 1), (1, 2), (2, 1), (1, 3), (3, 1), (2, 3), (4, 1), (3, 3), (5, 1), (3, 4), (6, 1), (3, 5), (7, 1), (3, 6), (4, 5), (2, 5), (7, 2), (8, 1), (3, 7), (5, 5), (1, 5), (7, 3), (9, 1), (3, 8), (5, 6), (1, 6), (7, 4), (6, 3), (3, 9), (5, 7), (1, 7), (7, 5), (5, 3), (2, 9), (5, 8), (7, 6), (1, 9), (5, 9), (7, 7), (5, 10), (8, 7), (5, 11), (9, 7), (4, 11), (9, 6), (9, 8), (10, 7), (3, 11), (9, 5), (9, 9), (11, 7), (3, 12), (2, 11), (10, 9), (8, 9), (11, 6), (12, 7), (3, 13), (1, 11), (11, 9), (7, 9), (11, 5), (13, 7), (2, 13), (11, 10), (7, 10), (11, 4)]
[(1, 1), (1, 2), (2, 1), (1, 3), (3, 1), (2, 3), (4, 1), (3, 3), (5, 1), (3, 4), (6, 1), (3, 5), (7, 1), (3, 6), (4, 5), (2, 5), (7, 2), (8, 1), (3, 7), (5, 5), (1, 5), (7, 3), (9, 1), (3, 8), (5, 6), (1, 6), (7, 4), (6, 3), (3, 9), (5, 7), (1, 7), (7, 5), (5, 3), (2, 9), (5, 8), (7, 6), (1, 9), (5, 9), (7, 7), (5, 10), (8, 7), (5, 11), (9, 7), (4, 11), (9, 6), (9, 8), (10, 7), (3, 11), (9, 5), (9, 9), (11, 7), (3, 12), (2, 11), (10, 9), (8, 9), (11, 6), (12, 7), (3, 13), (1, 11), (11, 9), (7, 9), (11, 5), (13, 7), (2, 13), (11, 10), (7, 10), (11, 4), (13, 6)]
[(1, 1), (1, 2), (2, 1), (1, 3), (3, 1), (2, 3), (4, 1), (3, 3), (5, 1), (3, 4), (6, 1), (3, 5), (7, 1), (3, 6), (4, 5), (2, 5), (7, 2), (8, 1), (3, 7), (5, 5), (1, 5), (7, 3), (9, 1), (3, 8), (5, 6), (1, 6), (7, 4), (6, 3), (3, 9), (5, 7), (1, 7), (7, 5), (5, 3), (2, 9), (5, 8), (7, 6), (1, 9), (5, 9), (7, 7), (5, 10), (8, 7), (5, 11), (9, 7), (4, 11), (9, 6), (9, 8), (10, 7), (3, 11), (9, 5), (9, 9), (11, 7), (3, 12), (2, 11), (10, 9), (8, 9), (11, 6), (12, 7), (3, 13), (1, 11), (11, 9), (7, 9), (11, 5), (13, 7), (2, 13), (11, 10), (7, 10), (11, 4), (13, 6), (13, 8)]
[(1, 1), (1, 2), (2, 1), (1, 3), (3, 1), (2, 3), (4, 1), (3, 3), (5, 1), (3, 4), (6, 1), (3, 5), (7, 1), (3, 6), (4, 5), (2, 5), (7, 2), (8, 1), (3, 7), (5, 5), (1, 5), (7, 3), (9, 1), (3, 8), (5, 6), (1, 6), (7, 4), (6, 3), (3, 9), (5, 7), (1, 7), (7, 5), (5, 3), (2, 9), (5, 8), (7, 6), (1, 9), (5, 9), (7, 7), (5, 10), (8, 7), (5, 11), (9, 7), (4, 11), (9, 6), (9, 8), (10, 7), (3, 11), (9, 5), (9, 9), (11, 7), (3, 12), (2, 11), (10, 9), (8, 9), (11, 6), (12, 7), (3, 13), (1, 11), (11, 9), (7, 9), (11, 5), (13, 7), (2, 13), (11, 10), (7, 10), (11, 4), (13, 6), (13, 8), (1, 13)]
[(1, 1), (1, 2), (2, 1), (1, 3), (3, 1), (2, 3), (4, 1), (3, 3), (5, 1), (3, 4), (6, 1), (3, 5), (7, 1), (3, 6), (4, 5), (2, 5), (7, 2), (8, 1), (3, 7), (5, 5), (1, 5), (7, 3), (9, 1), (3, 8), (5, 6), (1, 6), (7, 4), (6, 3), (3, 9), (5, 7), (1, 7), (7, 5), (5, 3), (2, 9), (5, 8), (7, 6), (1, 9), (5, 9), (7, 7), (5, 10), (8, 7), (5, 11), (9, 7), (4, 11), (9, 6), (9, 8), (10, 7), (3, 11), (9, 5), (9, 9), (11, 7), (3, 12), (2, 11), (10, 9), (8, 9), (11, 6), (12, 7), (3, 13), (1, 11), (11, 9), (7, 9), (11, 5), (13, 7), (2, 13), (11, 10), (7, 10), (11, 4), (13, 6), (13, 8), (1, 13), (11, 11)]
[(1, 1), (1, 2), (2, 1), (1, 3), (3, 1), (2, 3), (4, 1), (3, 3), (5, 1), (3, 4), (6, 1), (3, 5), (7, 1), (3, 6), (4, 5), (2, 5), (7, 2), (8, 1), (3, 7), (5, 5), (1, 5), (7, 3), (9, 1), (3, 8), (5, 6), (1, 6), (7, 4), (6, 3), (3, 9), (5, 7), (1, 7), (7, 5), (5, 3), (2, 9), (5, 8), (7, 6), (1, 9), (5, 9), (7, 7), (5, 10), (8, 7), (5, 11), (9, 7), (4, 11), (9, 6), (9, 8), (10, 7), (3, 11), (9, 5), (9, 9), (11, 7), (3, 12), (2, 11), (10, 9), (8, 9), (11, 6), (12, 7), (3, 13), (1, 11), (11, 9), (7, 9), (11, 5), (13, 7), (2, 13), (11, 10), (7, 10), (11, 4), (13, 6), (13, 8), (1, 13), (11, 11), (7, 11)]
[(1, 1), (1, 2), (2, 1), (1, 3), (3, 1), (2, 3), (4, 1), (3, 3), (5, 1), (3, 4), (6, 1), (3, 5), (7, 1), (3, 6), (4, 5), (2, 5), (7, 2), (8, 1), (3, 7), (5, 5), (1, 5), (7, 3), (9, 1), (3, 8), (5, 6), (1, 6), (7, 4), (6, 3), (3, 9), (5, 7), (1, 7), (7, 5), (5, 3), (2, 9), (5, 8), (7, 6), (1, 9), (5, 9), (7, 7), (5, 10), (8, 7), (5, 11), (9, 7), (4, 11), (9, 6), (9, 8), (10, 7), (3, 11), (9, 5), (9, 9), (11, 7), (3, 12), (2, 11), (10, 9), (8, 9), (11, 6), (12, 7), (3, 13), (1, 11), (11, 9), (7, 9), (11, 5), (13, 7), (2, 13), (11, 10), (7, 10), (11, 4), (13, 6), (13, 8), (1, 13), (11, 11), (7, 11), (11, 3)]
[(1, 1), (1, 2), (2, 1), (1, 3), (3, 1), (2, 3), (4, 1), (3, 3), (5, 1), (3, 4), (6, 1), (3, 5), (7, 1), (3, 6), (4, 5), (2, 5), (7, 2), (8, 1), (3, 7), (5, 5), (1, 5), (7, 3), (9, 1), (3, 8), (5, 6), (1, 6), (7, 4), (6, 3), (3, 9), (5, 7), (1, 7), (7, 5), (5, 3), (2, 9), (5, 8), (7, 6), (1, 9), (5, 9), (7, 7), (5, 10), (8, 7), (5, 11), (9, 7), (4, 11), (9, 6), (9, 8), (10, 7), (3, 11), (9, 5), (9, 9), (11, 7), (3, 12), (2, 11), (10, 9), (8, 9), (11, 6), (12, 7), (3, 13), (1, 11), (11, 9), (7, 9), (11, 5), (13, 7), (2, 13), (11, 10), (7, 10), (11, 4), (13, 6), (13, 8), (1, 13), (11, 11), (7, 11), (11, 3), (13, 5)]
[(1, 1), (1, 2), (2, 1), (1, 3), (3, 1), (2, 3), (4, 1), (3, 3), (5, 1), (3, 4), (6, 1), (3, 5), (7, 1), (3, 6), (4, 5), (2, 5), (7, 2), (8, 1), (3, 7), (5, 5), (1, 5), (7, 3), (9, 1), (3, 8), (5, 6), (1, 6), (7, 4), (6, 3), (3, 9), (5, 7), (1, 7), (7, 5), (5, 3), (2, 9), (5, 8), (7, 6), (1, 9), (5, 9), (7, 7), (5, 10), (8, 7), (5, 11), (9, 7), (4, 11), (9, 6), (9, 8), (10, 7), (3, 11), (9, 5), (9, 9), (11, 7), (3, 12), (2, 11), (10, 9), (8, 9), (11, 6), (12, 7), (3, 13), (1, 11), (11, 9), (7, 9), (11, 5), (13, 7), (2, 13), (11, 10), (7, 10), (11, 4), (13, 6), (13, 8), (1, 13), (11, 11), (7, 11), (11, 3), (13, 5), (13, 9)]
[(1, 1), (1, 2), (2, 1), (1, 3), (3, 1), (2, 3), (4, 1), (3, 3), (5, 1), (3, 4), (6, 1), (3, 5), (7, 1), (3, 6), (4, 5), (2, 5), (7, 2), (8, 1), (3, 7), (5, 5), (1, 5), (7, 3), (9, 1), (3, 8), (5, 6), (1, 6), (7, 4), (6, 3), (3, 9), (5, 7), (1, 7), (7, 5), (5, 3), (2, 9), (5, 8), (7, 6), (1, 9), (5, 9), (7, 7), (5, 10), (8, 7), (5, 11), (9, 7), (4, 11), (9, 6), (9, 8), (10, 7), (3, 11), (9, 5), (9, 9), (11, 7), (3, 12), (2, 11), (10, 9), (8, 9), (11, 6), (12, 7), (3, 13), (1, 11), (11, 9), (7, 9), (11, 5), (13, 7), (2, 13), (11, 10), (7, 10), (11, 4), (13, 6), (13, 8), (1, 13), (11, 11), (7, 11), (11, 3), (13, 5), (13, 9), (10, 11)]
[(1, 1), (1, 2), (2, 1), (1, 3), (3, 1), (2, 3), (4, 1), (3, 3), (5, 1), (3, 4), (6, 1), (3, 5), (7, 1), (3, 6), (4, 5), (2, 5), (7, 2), (8, 1), (3, 7), (5, 5), (1, 5), (7, 3), (9, 1), (3, 8), (5, 6), (1, 6), (7, 4), (6, 3), (3, 9), (5, 7), (1, 7), (7, 5), (5, 3), (2, 9), (5, 8), (7, 6), (1, 9), (5, 9), (7, 7), (5, 10), (8, 7), (5, 11), (9, 7), (4, 11), (9, 6), (9, 8), (10, 7), (3, 11), (9, 5), (9, 9), (11, 7), (3, 12), (2, 11), (10, 9), (8, 9), (11, 6), (12, 7), (3, 13), (1, 11), (11, 9), (7, 9), (11, 5), (13, 7), (2, 13), (11, 10), (7, 10), (11, 4), (13, 6), (13, 8), (1, 13), (11, 11), (7, 11), (11, 3), (13, 5), (13, 9), (10, 11), (7, 12)]
[(1, 1), (1, 2), (2, 1), (1, 3), (3, 1), (2, 3), (4, 1), (3, 3), (5, 1), (3, 4), (6, 1), (3, 5), (7, 1), (3, 6), (4, 5), (2, 5), (7, 2), (8, 1), (3, 7), (5, 5), (1, 5), (7, 3), (9, 1), (3, 8), (5, 6), (1, 6), (7, 4), (6, 3), (3, 9), (5, 7), (1, 7), (7, 5), (5, 3), (2, 9), (5, 8), (7, 6), (1, 9), (5, 9), (7, 7), (5, 10), (8, 7), (5, 11), (9, 7), (4, 11), (9, 6), (9, 8), (10, 7), (3, 11), (9, 5), (9, 9), (11, 7), (3, 12), (2, 11), (10, 9), (8, 9), (11, 6), (12, 7), (3, 13), (1, 11), (11, 9), (7, 9), (11, 5), (13, 7), (2, 13), (11, 10), (7, 10), (11, 4), (13, 6), (13, 8), (1, 13), (11, 11), (7, 11), (11, 3), (13, 5), (13, 9), (10, 11), (7, 12), (11, 2)]
[(1, 1), (1, 2), (2, 1), (1, 3), (3, 1), (2, 3), (4, 1), (3, 3), (5, 1), (3, 4), (6, 1), (3, 5), (7, 1), (3, 6), (4, 5), (2, 5), (7, 2), (8, 1), (3, 7), (5, 5), (1, 5), (7, 3), (9, 1), (3, 8), (5, 6), (1, 6), (7, 4), (6, 3), (3, 9), (5, 7), (1, 7), (7, 5), (5, 3), (2, 9), (5, 8), (7, 6), (1, 9), (5, 9), (7, 7), (5, 10), (8, 7), (5, 11), (9, 7), (4, 11), (9, 6), (9, 8), (10, 7), (3, 11), (9, 5), (9, 9), (11, 7), (3, 12), (2, 11), (10, 9), (8, 9), (11, 6), (12, 7), (3, 13), (1, 11), (11, 9), (7, 9), (11, 5), (13, 7), (2, 13), (11, 10), (7, 10), (11, 4), (13, 6), (13, 8), (1, 13), (11, 11), (7, 11), (11, 3), (13, 5), (13, 9), (10, 11), (7, 12), (11, 2), (10, 3)]
[(1, 1), (1, 2), (2, 1), (1, 3), (3, 1), (2, 3), (4, 1), (3, 3), (5, 1), (3, 4), (6, 1), (3, 5), (7, 1), (3, 6), (4, 5), (2, 5), (7, 2), (8, 1), (3, 7), (5, 5), (1, 5), (7, 3), (9, 1), (3, 8), (5, 6), (1, 6), (7, 4), (6, 3), (3, 9), (5, 7), (1, 7), (7, 5), (5, 3), (2, 9), (5, 8), (7, 6), (1, 9), (5, 9), (7, 7), (5, 10), (8, 7), (5, 11), (9, 7), (4, 11), (9, 6), (9, 8), (10, 7), (3, 11), (9, 5), (9, 9), (11, 7), (3, 12), (2, 11), (10, 9), (8, 9), (11, 6), (12, 7), (3, 13), (1, 11), (11, 9), (7, 9), (11, 5), (13, 7), (2, 13), (11, 10), (7, 10), (11, 4), (13, 6), (13, 8), (1, 13), (11, 11), (7, 11), (11, 3), (13, 5), (13, 9), (10, 11), (7, 12), (11, 2), (10, 3), (13, 4)]
[(1, 1), (1, 2), (2, 1), (1, 3), (3, 1), (2, 3), (4, 1), (3, 3), (5, 1), (3, 4), (6, 1), (3, 5), (7, 1), (3, 6), (4, 5), (2, 5), (7, 2), (8, 1), (3, 7), (5, 5), (1, 5), (7, 3), (9, 1), (3, 8), (5, 6), (1, 6), (7, 4), (6, 3), (3, 9), (5, 7), (1, 7), (7, 5), (5, 3), (2, 9), (5, 8), (7, 6), (1, 9), (5, 9), (7, 7), (5, 10), (8, 7), (5, 11), (9, 7), (4, 11), (9, 6), (9, 8), (10, 7), (3, 11), (9, 5), (9, 9), (11, 7), (3, 12), (2, 11), (10, 9), (8, 9), (11, 6), (12, 7), (3, 13), (1, 11), (11, 9), (7, 9), (11, 5), (13, 7), (2, 13), (11, 10), (7, 10), (11, 4), (13, 6), (13, 8), (1, 13), (11, 11), (7, 11), (11, 3), (13, 5), (13, 9), (10, 11), (7, 12), (11, 2), (10, 3), (13, 4), (9, 11)]
[(1, 1), (1, 2), (2, 1), (1, 3), (3, 1), (2, 3), (4, 1), (3, 3), (5, 1), (3, 4), (6, 1), (3, 5), (7, 1), (3, 6), (4, 5), (2, 5), (7, 2), (8, 1), (3, 7), (5, 5), (1, 5), (7, 3), (9, 1), (3, 8), (5, 6), (1, 6), (7, 4), (6, 3), (3, 9), (5, 7), (1, 7), (7, 5), (5, 3), (2, 9), (5, 8), (7, 6), (1, 9), (5, 9), (7, 7), (5, 10), (8, 7), (5, 11), (9, 7), (4, 11), (9, 6), (9, 8), (10, 7), (3, 11), (9, 5), (9, 9), (11, 7), (3, 12), (2, 11), (10, 9), (8, 9), (11, 6), (12, 7), (3, 13), (1, 11), (11, 9), (7, 9), (11, 5), (13, 7), (2, 13), (11, 10), (7, 10), (11, 4), (13, 6), (13, 8), (1, 13), (11, 11), (7, 11), (11, 3), (13, 5), (13, 9), (10, 11), (7, 12), (11, 2), (10, 3), (13, 4), (9, 11), (7, 13)]
[(1, 1), (1, 2), (2, 1), (1, 3), (3, 1), (2, 3), (4, 1), (3, 3), (5, 1), (3, 4), (6, 1), (3, 5), (7, 1), (3, 6), (4, 5), (2, 5), (7, 2), (8, 1), (3, 7), (5, 5), (1, 5), (7, 3), (9, 1), (3, 8), (5, 6), (1, 6), (7, 4), (6, 3), (3, 9), (5, 7), (1, 7), (7, 5), (5, 3), (2, 9), (5, 8), (7, 6), (1, 9), (5, 9), (7, 7), (5, 10), (8, 7), (5, 11), (9, 7), (4, 11), (9, 6), (9, 8), (10, 7), (3, 11), (9, 5), (9, 9), (11, 7), (3, 12), (2, 11), (10, 9), (8, 9), (11, 6), (12, 7), (3, 13), (1, 11), (11, 9), (7, 9), (11, 5), (13, 7), (2, 13), (11, 10), (7, 10), (11, 4), (13, 6), (13, 8), (1, 13), (11, 11), (7, 11), (11, 3), (13, 5), (13, 9), (10, 11), (7, 12), (11, 2), (10, 3), (13, 4), (9, 11), (7, 13), (11, 1)]
[(1, 1), (1, 2), (2, 1), (1, 3), (3, 1), (2, 3), (4, 1), (3, 3), (5, 1), (3, 4), (6, 1), (3, 5), (7, 1), (3, 6), (4, 5), (2, 5), (7, 2), (8, 1), (3, 7), (5, 5), (1, 5), (7, 3), (9, 1), (3, 8), (5, 6), (1, 6), (7, 4), (6, 3), (3, 9), (5, 7), (1, 7), (7, 5), (5, 3), (2, 9), (5, 8), (7, 6), (1, 9), (5, 9), (7, 7), (5, 10), (8, 7), (5, 11), (9, 7), (4, 11), (9, 6), (9, 8), (10, 7), (3, 11), (9, 5), (9, 9), (11, 7), (3, 12), (2, 11), (10, 9), (8, 9), (11, 6), (12, 7), (3, 13), (1, 11), (11, 9), (7, 9), (11, 5), (13, 7), (2, 13), (11, 10), (7, 10), (11, 4), (13, 6), (13, 8), (1, 13), (11, 11), (7, 11), (11, 3), (13, 5), (13, 9), (10, 11), (7, 12), (11, 2), (10, 3), (13, 4), (9, 11), (7, 13), (11, 1), (9, 3)]
[(1, 1), (1, 2), (2, 1), (1, 3), (3, 1), (2, 3), (4, 1), (3, 3), (5, 1), (3, 4), (6, 1), (3, 5), (7, 1), (3, 6), (4, 5), (2, 5), (7, 2), (8, 1), (3, 7), (5, 5), (1, 5), (7, 3), (9, 1), (3, 8), (5, 6), (1, 6), (7, 4), (6, 3), (3, 9), (5, 7), (1, 7), (7, 5), (5, 3), (2, 9), (5, 8), (7, 6), (1, 9), (5, 9), (7, 7), (5, 10), (8, 7), (5, 11), (9, 7), (4, 11), (9, 6), (9, 8), (10, 7), (3, 11), (9, 5), (9, 9), (11, 7), (3, 12), (2, 11), (10, 9), (8, 9), (11, 6), (12, 7), (3, 13), (1, 11), (11, 9), (7, 9), (11, 5), (13, 7), (2, 13), (11, 10), (7, 10), (11, 4), (13, 6), (13, 8), (1, 13), (11, 11), (7, 11), (11, 3), (13, 5), (13, 9), (10, 11), (7, 12), (11, 2), (10, 3), (13, 4), (9, 11), (7, 13), (11, 1), (9, 3), (13, 3)]
[(1, 1), (1, 2), (2, 1), (1, 3), (3, 1), (2, 3), (4, 1), (3, 3), (5, 1), (3, 4), (6, 1), (3, 5), (7, 1), (3, 6), (4, 5), (2, 5), (7, 2), (8, 1), (3, 7), (5, 5), (1, 5), (7, 3), (9, 1), (3, 8), (5, 6), (1, 6), (7, 4), (6, 3), (3, 9), (5, 7), (1, 7), (7, 5), (5, 3), (2, 9), (5, 8), (7, 6), (1, 9), (5, 9), (7, 7), (5, 10), (8, 7), (5, 11), (9, 7), (4, 11), (9, 6), (9, 8), (10, 7), (3, 11), (9, 5), (9, 9), (11, 7), (3, 12), (2, 11), (10, 9), (8, 9), (11, 6), (12, 7), (3, 13), (1, 11), (11, 9), (7, 9), (11, 5), (13, 7), (2, 13), (11, 10), (7, 10), (11, 4), (13, 6), (13, 8), (1, 13), (11, 11), (7, 11), (11, 3), (13, 5), (13, 9), (10, 11), (7, 12), (11, 2), (10, 3), (13, 4), (9, 11), (7, 13), (11, 1), (9, 3), (13, 3), (8, 13)]
[(1, 1), (1, 2), (2, 1), (1, 3), (3, 1), (2, 3), (4, 1), (3, 3), (5, 1), (3, 4), (6, 1), (3, 5), (7, 1), (3, 6), (4, 5), (2, 5), (7, 2), (8, 1), (3, 7), (5, 5), (1, 5), (7, 3), (9, 1), (3, 8), (5, 6), (1, 6), (7, 4), (6, 3), (3, 9), (5, 7), (1, 7), (7, 5), (5, 3), (2, 9), (5, 8), (7, 6), (1, 9), (5, 9), (7, 7), (5, 10), (8, 7), (5, 11), (9, 7), (4, 11), (9, 6), (9, 8), (10, 7), (3, 11), (9, 5), (9, 9), (11, 7), (3, 12), (2, 11), (10, 9), (8, 9), (11, 6), (12, 7), (3, 13), (1, 11), (11, 9), (7, 9), (11, 5), (13, 7), (2, 13), (11, 10), (7, 10), (11, 4), (13, 6), (13, 8), (1, 13), (11, 11), (7, 11), (11, 3), (13, 5), (13, 9), (10, 11), (7, 12), (11, 2), (10, 3), (13, 4), (9, 11), (7, 13), (11, 1), (9, 3), (13, 3), (8, 13), (6, 13)]
[(1, 1), (1, 2), (2, 1), (1, 3), (3, 1), (2, 3), (4, 1), (3, 3), (5, 1), (3, 4), (6, 1), (3, 5), (7, 1), (3, 6), (4, 5), (2, 5), (7, 2), (8, 1), (3, 7), (5, 5), (1, 5), (7, 3), (9, 1), (3, 8), (5, 6), (1, 6), (7, 4), (6, 3), (3, 9), (5, 7), (1, 7), (7, 5), (5, 3), (2, 9), (5, 8), (7, 6), (1, 9), (5, 9), (7, 7), (5, 10), (8, 7), (5, 11), (9, 7), (4, 11), (9, 6), (9, 8), (10, 7), (3, 11), (9, 5), (9, 9), (11, 7), (3, 12), (2, 11), (10, 9), (8, 9), (11, 6), (12, 7), (3, 13), (1, 11), (11, 9), (7, 9), (11, 5), (13, 7), (2, 13), (11, 10), (7, 10), (11, 4), (13, 6), (13, 8), (1, 13), (11, 11), (7, 11), (11, 3), (13, 5), (13, 9), (10, 11), (7, 12), (11, 2), (10, 3), (13, 4), (9, 11), (7, 13), (11, 1), (9, 3), (13, 3), (8, 13), (6, 13), (13, 2)]
[(1, 1), (1, 2), (2, 1), (1, 3), (3, 1), (2, 3), (4, 1), (3, 3), (5, 1), (3, 4), (6, 1), (3, 5), (7, 1), (3, 6), (4, 5), (2, 5), (7, 2), (8, 1), (3, 7), (5, 5), (1, 5), (7, 3), (9, 1), (3, 8), (5, 6), (1, 6), (7, 4), (6, 3), (3, 9), (5, 7), (1, 7), (7, 5), (5, 3), (2, 9), (5, 8), (7, 6), (1, 9), (5, 9), (7, 7), (5, 10), (8, 7), (5, 11), (9, 7), (4, 11), (9, 6), (9, 8), (10, 7), (3, 11), (9, 5), (9, 9), (11, 7), (3, 12), (2, 11), (10, 9), (8, 9), (11, 6), (12, 7), (3, 13), (1, 11), (11, 9), (7, 9), (11, 5), (13, 7), (2, 13), (11, 10), (7, 10), (11, 4), (13, 6), (13, 8), (1, 13), (11, 11), (7, 11), (11, 3), (13, 5), (13, 9), (10, 11), (7, 12), (11, 2), (10, 3), (13, 4), (9, 11), (7, 13), (11, 1), (9, 3), (13, 3), (8, 13), (6, 13), (13, 2), (9, 13)]
[(1, 1), (1, 2), (2, 1), (1, 3), (3, 1), (2, 3), (4, 1), (3, 3), (5, 1), (3, 4), (6, 1), (3, 5), (7, 1), (3, 6), (4, 5), (2, 5), (7, 2), (8, 1), (3, 7), (5, 5), (1, 5), (7, 3), (9, 1), (3, 8), (5, 6), (1, 6), (7, 4), (6, 3), (3, 9), (5, 7), (1, 7), (7, 5), (5, 3), (2, 9), (5, 8), (7, 6), (1, 9), (5, 9), (7, 7), (5, 10), (8, 7), (5, 11), (9, 7), (4, 11), (9, 6), (9, 8), (10, 7), (3, 11), (9, 5), (9, 9), (11, 7), (3, 12), (2, 11), (10, 9), (8, 9), (11, 6), (12, 7), (3, 13), (1, 11), (11, 9), (7, 9), (11, 5), (13, 7), (2, 13), (11, 10), (7, 10), (11, 4), (13, 6), (13, 8), (1, 13), (11, 11), (7, 11), (11, 3), (13, 5), (13, 9), (10, 11), (7, 12), (11, 2), (10, 3), (13, 4), (9, 11), (7, 13), (11, 1), (9, 3), (13, 3), (8, 13), (6, 13), (13, 2), (9, 13), (5, 13)]
[(1, 1), (1, 2), (2, 1), (1, 3), (3, 1), (2, 3), (4, 1), (3, 3), (5, 1), (3, 4), (6, 1), (3, 5), (7, 1), (3, 6), (4, 5), (2, 5), (7, 2), (8, 1), (3, 7), (5, 5), (1, 5), (7, 3), (9, 1), (3, 8), (5, 6), (1, 6), (7, 4), (6, 3), (3, 9), (5, 7), (1, 7), (7, 5), (5, 3), (2, 9), (5, 8), (7, 6), (1, 9), (5, 9), (7, 7), (5, 10), (8, 7), (5, 11), (9, 7), (4, 11), (9, 6), (9, 8), (10, 7), (3, 11), (9, 5), (9, 9), (11, 7), (3, 12), (2, 11), (10, 9), (8, 9), (11, 6), (12, 7), (3, 13), (1, 11), (11, 9), (7, 9), (11, 5), (13, 7), (2, 13), (11, 10), (7, 10), (11, 4), (13, 6), (13, 8), (1, 13), (11, 11), (7, 11), (11, 3), (13, 5), (13, 9), (10, 11), (7, 12), (11, 2), (10, 3), (13, 4), (9, 11), (7, 13), (11, 1), (9, 3), (13, 3), (8, 13), (6, 13), (13, 2), (9, 13), (5, 13), (13, 1)]
[(1, 1), (1, 2), (2, 1), (1, 3), (3, 1), (2, 3), (4, 1), (3, 3), (5, 1), (3, 4), (6, 1), (3, 5), (7, 1), (3, 6), (4, 5), (2, 5), (7, 2), (8, 1), (3, 7), (5, 5), (1, 5), (7, 3), (9, 1), (3, 8), (5, 6), (1, 6), (7, 4), (6, 3), (3, 9), (5, 7), (1, 7), (7, 5), (5, 3), (2, 9), (5, 8), (7, 6), (1, 9), (5, 9), (7, 7), (5, 10), (8, 7), (5, 11), (9, 7), (4, 11), (9, 6), (9, 8), (10, 7), (3, 11), (9, 5), (9, 9), (11, 7), (3, 12), (2, 11), (10, 9), (8, 9), (11, 6), (12, 7), (3, 13), (1, 11), (11, 9), (7, 9), (11, 5), (13, 7), (2, 13), (11, 10), (7, 10), (11, 4), (13, 6), (13, 8), (1, 13), (11, 11), (7, 11), (11, 3), (13, 5), (13, 9), (10, 11), (7, 12), (11, 2), (10, 3), (13, 4), (9, 11), (7, 13), (11, 1), (9, 3), (13, 3), (8, 13), (6, 13), (13, 2), (9, 13), (5, 13), (13, 1), (10, 13)]
[(1, 1), (1, 2), (2, 1), (1, 3), (3, 1), (2, 3), (4, 1), (3, 3), (5, 1), (3, 4), (6, 1), (3, 5), (7, 1), (3, 6), (4, 5), (2, 5), (7, 2), (8, 1), (3, 7), (5, 5), (1, 5), (7, 3), (9, 1), (3, 8), (5, 6), (1, 6), (7, 4), (6, 3), (3, 9), (5, 7), (1, 7), (7, 5), (5, 3), (2, 9), (5, 8), (7, 6), (1, 9), (5, 9), (7, 7), (5, 10), (8, 7), (5, 11), (9, 7), (4, 11), (9, 6), (9, 8), (10, 7), (3, 11), (9, 5), (9, 9), (11, 7), (3, 12), (2, 11), (10, 9), (8, 9), (11, 6), (12, 7), (3, 13), (1, 11), (11, 9), (7, 9), (11, 5), (13, 7), (2, 13), (11, 10), (7, 10), (11, 4), (13, 6), (13, 8), (1, 13), (11, 11), (7, 11), (11, 3), (13, 5), (13, 9), (10, 11), (7, 12), (11, 2), (10, 3), (13, 4), (9, 11), (7, 13), (11, 1), (9, 3), (13, 3), (8, 13), (6, 13), (13, 2), (9, 13), (5, 13), (13, 1), (10, 13), (11, 13)]
[(1, 1), (1, 2), (2, 1), (1, 3), (3, 1), (2, 3), (4, 1), (3, 3), (5, 1), (3, 4), (6, 1), (3, 5), (7, 1), (3, 6), (4, 5), (2, 5), (7, 2), (8, 1), (3, 7), (5, 5), (1, 5), (7, 3), (9, 1), (3, 8), (5, 6), (1, 6), (7, 4), (6, 3), (3, 9), (5, 7), (1, 7), (7, 5), (5, 3), (2, 9), (5, 8), (7, 6), (1, 9), (5, 9), (7, 7), (5, 10), (8, 7), (5, 11), (9, 7), (4, 11), (9, 6), (9, 8), (10, 7), (3, 11), (9, 5), (9, 9), (11, 7), (3, 12), (2, 11), (10, 9), (8, 9), (11, 6), (12, 7), (3, 13), (1, 11), (11, 9), (7, 9), (11, 5), (13, 7), (2, 13), (11, 10), (7, 10), (11, 4), (13, 6), (13, 8), (1, 13), (11, 11), (7, 11), (11, 3), (13, 5), (13, 9), (10, 11), (7, 12), (11, 2), (10, 3), (13, 4), (9, 11), (7, 13), (11, 1), (9, 3), (13, 3), (8, 13), (6, 13), (13, 2), (9, 13), (5, 13), (13, 1), (10, 13), (11, 13), (12, 13)]
[(1, 1), (1, 2), (2, 1), (1, 3), (3, 1), (2, 3), (4, 1), (3, 3), (5, 1), (3, 4), (6, 1), (3, 5), (7, 1), (3, 6), (4, 5), (2, 5), (7, 2), (8, 1), (3, 7), (5, 5), (1, 5), (7, 3), (9, 1), (3, 8), (5, 6), (1, 6), (7, 4), (6, 3), (3, 9), (5, 7), (1, 7), (7, 5), (5, 3), (2, 9), (5, 8), (7, 6), (1, 9), (5, 9), (7, 7), (5, 10), (8, 7), (5, 11), (9, 7), (4, 11), (9, 6), (9, 8), (10, 7), (3, 11), (9, 5), (9, 9), (11, 7), (3, 12), (2, 11), (10, 9), (8, 9), (11, 6), (12, 7), (3, 13), (1, 11), (11, 9), (7, 9), (11, 5), (13, 7), (2, 13), (11, 10), (7, 10), (11, 4), (13, 6), (13, 8), (1, 13), (11, 11), (7, 11), (11, 3), (13, 5), (13, 9), (10, 11), (7, 12), (11, 2), (10, 3), (13, 4), (9, 11), (7, 13), (11, 1), (9, 3), (13, 3), (8, 13), (6, 13), (13, 2), (9, 13), (5, 13), (13, 1), (10, 13), (11, 13), (12, 13), (13, 13)]
