[(1, 1)]
[(1, 2), (2, 1)]
[(1, 2), (3, 1)]
[(1, 2), (4, 1)]
[(1, 2), (5, 1)]
[(1, 2), (6, 1)]
[(1, 2), (7, 1)]
[(1, 2), (7, 2), (8, 1)]
[(1, 2), (7, 2), (9, 1)]
[(1, 2), (7, 2)]
[(1, 2), (7, 3)]
[(1, 2), (7, 4), (6, 3)]
[(1, 2), (7, 4), (5, 3)]
[(1, 2), (7, 4)]
[(1, 2), (7, 5)]
[(1, 2), (7, 6)]
[(1, 2), (7, 7)]
[(1, 2), (8, 7)]
[(1, 2), (9, 7)]
[(1, 2), (9, 6), (9, 8), (10, 7)]
[(1, 2), (9, 6), (9, 8), (11, 7)]
[(1, 2), (9, 6), (9, 8), (11, 6), (12, 7)]
[(1, 2), (9, 6), (9, 8), (11, 6), (13, 7)]
[(1, 2), (9, 6), (9, 8), (11, 6), (13, 6), (13, 8)]
[(1, 2), (9, 6), (9, 8), (11, 6), (13, 6), (13, 9)]
[(1, 2), (9, 6), (9, 8), (11, 6), (13, 6)]
[(1, 2), (9, 6), (9, 8), (11, 6), (13, 5)]
[(1, 2), (9, 6), (9, 8), (11, 6), (13, 4)]
[(1, 2), (9, 6), (9, 8), (11, 6), (13, 3)]
[(1, 2), (9, 6), (9, 8), (11, 6), (13, 2)]
[(1, 2), (9, 6), (9, 8), (11, 6), (13, 1)]
[(1, 2), (9, 6), (9, 8), (11, 6)]
[(1, 2), (9, 6), (9, 8), (11, 5)]
[(1, 2), (9, 6), (9, 8), (11, 4)]
[(1, 2), (9, 6), (9, 8), (11, 3)]
[(1, 2), (9, 6), (9, 8), (11, 2), (10, 3)]
[(1, 2), (9, 6), (9, 8), (11, 2), (9, 3)]
[(1, 2), (9, 6), (9, 8), (11, 2)]
[(1, 2), (9, 6), (9, 8), (11, 1)]
[(1, 2), (9, 6), (9, 8)]
[(1, 2), (9, 6), (9, 9)]
[(1, 2), (9, 6), (10, 9), (8, 9)]
[(1, 2), (9, 6), (10, 9), (7, 9)]
[(1, 2), (9, 6), (10, 9), (7, 10)]
[(1, 2), (9, 6), (10, 9), (7, 11)]
[(1, 2), (9, 6), (10, 9), (7, 12)]
[(1, 2), (9, 6), (10, 9), (7, 13)]
[(1, 2), (9, 6), (10, 9), (8, 13), (6, 13)]
[(1, 2), (9, 6), (10, 9), (8, 13), (5, 13)]
[(1, 2), (9, 6), (10, 9), (8, 13)]
[(1, 2), (9, 6), (10, 9), (9, 13)]
[(1, 2), (9, 6), (10, 9), (10, 13)]
[(1, 2), (9, 6), (10, 9), (11, 13)]
[(1, 2), (9, 6), (10, 9), (12, 13)]
[(1, 2), (9, 6), (10, 9), (13, 13)]
[(1, 2), (9, 6), (10, 9)]
