[(1, 1)]
[(1, 1), (1, 2)]
[(1, 1), (1, 2), (1, 3)]
[(1, 1), (1, 2), (1, 3), (2, 3)]
[(1, 1), (1, 2), (1, 3), (2, 3), (1, 4)]
[(1, 1), (1, 2), (1, 3), (2, 3), (1, 4), (3, 3)]
[(1, 1), (1, 2), (1, 3), (2, 3), (1, 4), (3, 3), (1, 5)]
[(1, 1), (1, 2), (1, 3), (2, 3), (1, 4), (3, 3), (1, 5), (4, 3)]
[(1, 1), (1, 2), (1, 3), (2, 3), (1, 4), (3, 3), (1, 5), (4, 3), (1, 6)]
[(1, 1), (1, 2), (1, 3), (2, 3), (1, 4), (3, 3), (1, 5), (4, 3), (1, 6), (5, 3)]
[(1, 1), (1, 2), (1, 3), (2, 3), (1, 4), (3, 3), (1, 5), (4, 3), (1, 6), (5, 3), (1, 7)]
[(1, 1), (1, 2), (1, 3), (2, 3), (1, 4), (3, 3), (1, 5), (4, 3), (1, 6), (5, 3), (1, 7), (6, 3)]
[(1, 1), (1, 2), (1, 3), (2, 3), (1, 4), (3, 3), (1, 5), (4, 3), (1, 6), (5, 3), (1, 7), (6, 3), (5, 4)]
[(1, 1), (1, 2), (1, 3), (2, 3), (1, 4), (3, 3), (1, 5), (4, 3), (1, 6), (5, 3), (1, 7), (6, 3), (5, 4), (1, 8)]
[(1, 1), (1, 2), (1, 3), (2, 3), (1, 4), (3, 3), (1, 5), (4, 3), (1, 6), (5, 3), (1, 7), (6, 3), (5, 4), (1, 8), (7, 3)]
[(1, 1), (1, 2), (1, 3), (2, 3), (1, 4), (3, 3), (1, 5), (4, 3), (1, 6), (5, 3), (1, 7), (6, 3), (5, 4), (1, 8), (7, 3), (5, 5)]
[(1, 1), (1, 2), (1, 3), (2, 3), (1, 4), (3, 3), (1, 5), (4, 3), (1, 6), (5, 3), (1, 7), (6, 3), (5, 4), (1, 8), (7, 3), (5, 5), (1, 9)]
[(1, 1), (1, 2), (1, 3), (2, 3), (1, 4), (3, 3), (1, 5), (4, 3), (1, 6), (5, 3), (1, 7), (6, 3), (5, 4), (1, 8), (7, 3), (5, 5), (1, 9), (5, 6)]
[(1, 1), (1, 2), (1, 3), (2, 3), (1, 4), (3, 3), (1, 5), (4, 3), (1, 6), (5, 3), (1, 7), (6, 3), (5, 4), (1, 8), (7, 3), (5, 5), (1, 9), (5, 6), (1, 10)]
[(1, 1), (1, 2), (1, 3), (2, 3), (1, 4), (3, 3), (1, 5), (4, 3), (1, 6), (5, 3), (1, 7), (6, 3), (5, 4), (1, 8), (7, 3), (5, 5), (1, 9), (5, 6), (1, 10), (5, 7)]
[(1, 1), (1, 2), (1, 3), (2, 3), (1, 4), (3, 3), (1, 5), (4, 3), (1, 6), (5, 3), (1, 7), (6, 3), (5, 4), (1, 8), (7, 3), (5, 5), (1, 9), (5, 6), (1, 10), (5, 7), (1, 11)]
[(1, 1), (1, 2), (1, 3), (2, 3), (1, 4), (3, 3), (1, 5), (4, 3), (1, 6), (5, 3), (1, 7), (6, 3), (5, 4), (1, 8), (7, 3), (5, 5), (1, 9), (5, 6), (1, 10), (5, 7), (1, 11), (5, 8)]
[(1, 1), (1, 2), (1, 3), (2, 3), (1, 4), (3, 3), (1, 5), (4, 3), (1, 6), (5, 3), (1, 7), (6, 3), (5, 4), (1, 8), (7, 3), (5, 5), (1, 9), (5, 6), (1, 10), (5, 7), (1, 11), (5, 8), (1, 12)]
[(1, 1), (1, 2), (1, 3), (2, 3), (1, 4), (3, 3), (1, 5), (4, 3), (1, 6), (5, 3), (1, 7), (6, 3), (5, 4), (1, 8), (7, 3), (5, 5), (1, 9), (5, 6), (1, 10), (5, 7), (1, 11), (5, 8), (1, 12), (5, 9)]
[(1, 1), (1, 2), (1, 3), (2, 3), (1, 4), (3, 3), (1, 5), (4, 3), (1, 6), (5, 3), (1, 7), (6, 3), (5, 4), (1, 8), (7, 3), (5, 5), (1, 9), (5, 6), (1, 10), (5, 7), (1, 11), (5, 8), (1, 12), (5, 9), (1, 13)]
[(1, 1), (1, 2), (1, 3), (2, 3), (1, 4), (3, 3), (1, 5), (4, 3), (1, 6), (5, 3), (1, 7), (6, 3), (5, 4), (1, 8), (7, 3), (5, 5), (1, 9), (5, 6), (1, 10), (5, 7), (1, 11), (5, 8), (1, 12), (5, 9), (1, 13), (5, 10)]
[(1, 1), (1, 2), (1, 3), (2, 3), (1, 4), (3, 3), (1, 5), (4, 3), (1, 6), (5, 3), (1, 7), (6, 3), (5, 4), (1, 8), (7, 3), (5, 5), (1, 9), (5, 6), (1, 10), (5, 7), (1, 11), (5, 8), (1, 12), (5, 9), (1, 13), (5, 10), (2, 13)]
[(1, 1), (1, 2), (1, 3), (2, 3), (1, 4), (3, 3), (1, 5), (4, 3), (1, 6), (5, 3), (1, 7), (6, 3), (5, 4), (1, 8), (7, 3), (5, 5), (1, 9), (5, 6), (1, 10), (5, 7), (1, 11), (5, 8), (1, 12), (5, 9), (1, 13), (5, 10), (2, 13), (5, 11)]
[(1, 1), (1, 2), (1, 3), (2, 3), (1, 4), (3, 3), (1, 5), (4, 3), (1, 6), (5, 3), (1, 7), (6, 3), (5, 4), (1, 8), (7, 3), (5, 5), (1, 9), (5, 6), (1, 10), (5, 7), (1, 11), (5, 8), (1, 12), (5, 9), (1, 13), (5, 10), (2, 13), (5, 11), (3, 13)]
[(1, 1), (1, 2), (1, 3), (2, 3), (1, 4), (3, 3), (1, 5), (4, 3), (1, 6), (5, 3), (1, 7), (6, 3), (5, 4), (1, 8), (7, 3), (5, 5), (1, 9), (5, 6), (1, 10), (5, 7), (1, 11), (5, 8), (1, 12), (5, 9), (1, 13), (5, 10), (2, 13), (5, 11), (3, 13), (6, 11)]
[(1, 1), (1, 2), (1, 3), (2, 3), (1, 4), (3, 3), (1, 5), (4, 3), (1, 6), (5, 3), (1, 7), (6, 3), (5, 4), (1, 8), (7, 3), (5, 5), (1, 9), (5, 6), (1, 10), (5, 7), (1, 11), (5, 8), (1, 12), (5, 9), (1, 13), (5, 10), (2, 13), (5, 11), (3, 13), (6, 11), (4, 13)]
[(1, 1), (1, 2), (1, 3), (2, 3), (1, 4), (3, 3), (1, 5), (4, 3), (1, 6), (5, 3), (1, 7), (6, 3), (5, 4), (1, 8), (7, 3), (5, 5), (1, 9), (5, 6), (1, 10), (5, 7), (1, 11), (5, 8), (1, 12), (5, 9), (1, 13), (5, 10), (2, 13), (5, 11), (3, 13), (6, 11), (4, 13), (7, 11)]
[(1, 1), (1, 2), (1, 3), (2, 3), (1, 4), (3, 3), (1, 5), (4, 3), (1, 6), (5, 3), (1, 7), (6, 3), (5, 4), (1, 8), (7, 3), (5, 5), (1, 9), (5, 6), (1, 10), (5, 7), (1, 11), (5, 8), (1, 12), (5, 9), (1, 13), (5, 10), (2, 13), (5, 11), (3, 13), (6, 11), (4, 13), (7, 11), (5, 13)]
[(1, 1), (1, 2), (1, 3), (2, 3), (1, 4), (3, 3), (1, 5), (4, 3), (1, 6), (5, 3), (1, 7), (6, 3), (5, 4), (1, 8), (7, 3), (5, 5), (1, 9), (5, 6), (1, 10), (5, 7), (1, 11), (5, 8), (1, 12), (5, 9), (1, 13), (5, 10), (2, 13), (5, 11), (3, 13), (6, 11), (4, 13), (7, 11), (5, 13), (8, 11)]
[(1, 1), (1, 2), (1, 3), (2, 3), (1, 4), (3, 3), (1, 5), (4, 3), (1, 6), (5, 3), (1, 7), (6, 3), (5, 4), (1, 8), (7, 3), (5, 5), (1, 9), (5, 6), (1, 10), (5, 7), (1, 11), (5, 8), (1, 12), (5, 9), (1, 13), (5, 10), (2, 13), (5, 11), (3, 13), (6, 11), (4, 13), (7, 11), (5, 13), (8, 11), (6, 13)]
[(1, 1), (1, 2), (1, 3), (2, 3), (1, 4), (3, 3), (1, 5), (4, 3), (1, 6), (5, 3), (1, 7), (6, 3), (5, 4), (1, 8), (7, 3), (5, 5), (1, 9), (5, 6), (1, 10), (5, 7), (1, 11), (5, 8), (1, 12), (5, 9), (1, 13), (5, 10), (2, 13), (5, 11), (3, 13), (6, 11), (4, 13), (7, 11), (5, 13), (8, 11), (6, 13), (9, 11)]
[(1, 1), (1, 2), (1, 3), (2, 3), (1, 4), (3, 3), (1, 5), (4, 3), (1, 6), (5, 3), (1, 7), (6, 3), (5, 4), (1, 8), (7, 3), (5, 5), (1, 9), (5, 6), (1, 10), (5, 7), (1, 11), (5, 8), (1, 12), (5, 9), (1, 13), (5, 10), (2, 13), (5, 11), (3, 13), (6, 11), (4, 13), (7, 11), (5, 13), (8, 11), (6, 13), (9, 11), (7, 13)]
[(1, 1), (1, 2), (1, 3), (2, 3), (1, 4), (3, 3), (1, 5), (4, 3), (1, 6), (5, 3), (1, 7), (6, 3), (5, 4), (1, 8), (7, 3), (5, 5), (1, 9), (5, 6), (1, 10), (5, 7), (1, 11), (5, 8), (1, 12), (5, 9), (1, 13), (5, 10), (2, 13), (5, 11), (3, 13), (6, 11), (4, 13), (7, 11), (5, 13), (8, 11), (6, 13), (9, 11), (7, 13), (10, 11)]
[(1, 1), (1, 2), (1, 3), (2, 3), (1, 4), (3, 3), (1, 5), (4, 3), (1, 6), (5, 3), (1, 7), (6, 3), (5, 4), (1, 8), (7, 3), (5, 5), (1, 9), (5, 6), (1, 10), (5, 7), (1, 11), (5, 8), (1, 12), (5, 9), (1, 13), (5, 10), (2, 13), (5, 11), (3, 13), (6, 11), (4, 13), (7, 11), (5, 13), (8, 11), (6, 13), (9, 11), (7, 13), (10, 11), (8, 13)]
[(1, 1), (1, 2), (1, 3), (2, 3), (1, 4), (3, 3), (1, 5), (4, 3), (1, 6), (5, 3), (1, 7), (6, 3), (5, 4), (1, 8), (7, 3), (5, 5), (1, 9), (5, 6), (1, 10), (5, 7), (1, 11), (5, 8), (1, 12), (5, 9), (1, 13), (5, 10), (2, 13), (5, 11), (3, 13), (6, 11), (4, 13), (7, 11), (5, 13), (8, 11), (6, 13), (9, 11), (7, 13), (10, 11), (8, 13), (11, 11)]
[(1, 1), (1, 2), (1, 3), (2, 3), (1, 4), (3, 3), (1, 5), (4, 3), (1, 6), (5, 3), (1, 7), (6, 3), (5, 4), (1, 8), (7, 3), (5, 5), (1, 9), (5, 6), (1, 10), (5, 7), (1, 11), (5, 8), (1, 12), (5, 9), (1, 13), (5, 10), (2, 13), (5, 11), (3, 13), (6, 11), (4, 13), (7, 11), (5, 13), (8, 11), (6, 13), (9, 11), (7, 13), (10, 11), (8, 13), (11, 11), (9, 13)]
[(1, 1), (1, 2), (1, 3), (2, 3), (1, 4), (3, 3), (1, 5), (4, 3), (1, 6), (5, 3), (1, 7), (6, 3), (5, 4), (1, 8), (7, 3), (5, 5), (1, 9), (5, 6), (1, 10), (5, 7), (1, 11), (5, 8), (1, 12), (5, 9), (1, 13), (5, 10), (2, 13), (5, 11), (3, 13), (6, 11), (4, 13), (7, 11), (5, 13), (8, 11), (6, 13), (9, 11), (7, 13), (10, 11), (8, 13), (11, 11), (9, 13), (10, 13)]
[(1, 1), (1, 2), (1, 3), (2, 3), (1, 4), (3, 3), (1, 5), (4, 3), (1, 6), (5, 3), (1, 7), (6, 3), (5, 4), (1, 8), (7, 3), (5, 5), (1, 9), (5, 6), (1, 10), (5, 7), (1, 11), (5, 8), (1, 12), (5, 9), (1, 13), (5, 10), (2, 13), (5, 11), (3, 13), (6, 11), (4, 13), (7, 11), (5, 13), (8, 11), (6, 13), (9, 11), (7, 13), (10, 11), (8, 13), (11, 11), (9, 13), (10, 13), (11, 13)]
[(1, 1), (1, 2), (1, 3), (2, 3), (1, 4), (3, 3), (1, 5), (4, 3), (1, 6), (5, 3), (1, 7), (6, 3), (5, 4), (1, 8), (7, 3), (5, 5), (1, 9), (5, 6), (1, 10), (5, 7), (1, 11), (5, 8), (1, 12), (5, 9), (1, 13), (5, 10), (2, 13), (5, 11), (3, 13), (6, 11), (4, 13), (7, 11), (5, 13), (8, 11), (6, 13), (9, 11), (7, 13), (10, 11), (8, 13), (11, 11), (9, 13), (10, 13), (11, 13), (12, 13)]
[(1, 1), (1, 2), (1, 3), (2, 3), (1, 4), (3, 3), (1, 5), (4, 3), (1, 6), (5, 3), (1, 7), (6, 3), (5, 4), (1, 8), (7, 3), (5, 5), (1, 9), (5, 6), (1, 10), (5, 7), (1, 11), (5, 8), (1, 12), (5, 9), (1, 13), (5, 10), (2, 13), (5, 11), (3, 13), (6, 11), (4, 13), (7, 11), (5, 13), (8, 11), (6, 13), (9, 11), (7, 13), (10, 11), (8, 13), (11, 11), (9, 13), (10, 13), (11, 13), (12, 13), (13, 13)]
