[(23, (1, 2))]
[(22, (1, 3))]
[(21, (2, 3))]
[(21, (2, 3)), (21, (1, 4))]
[(20, (3, 3)), (21, (1, 4))]
[(19, (4, 3)), (21, (1, 4))]
[(19, (4, 3)), (21, (1, 4)), (21, (3, 2))]
[(18, (5, 3)), (21, (1, 4)), (21, (3, 2))]
[(17, (6, 3)), (21, (1, 4)), (21, (3, 2))]
[(17, (6, 3)), (17, (5, 4)), (21, (1, 4)), (21, (3, 2))]
[(16, (7, 3)), (17, (5, 4)), (21, (1, 4)), (21, (3, 2))]
[(16, (5, 5)), (21, (1, 4)), (21, (3, 2))]
[(15, (5, 6)), (21, (1, 4)), (21, (3, 2))]
[(14, (5, 7)), (21, (1, 4)), (21, (3, 2))]
[(15, (4, 7)), (21, (1, 4)), (21, (3, 2))]
[(13, (5, 8)), (15, (4, 7)), (21, (1, 4)), (21, (3, 2))]
[(12, (5, 9)), (15, (4, 7)), (21, (1, 4)), (21, (3, 2))]
[(11, (5, 10)), (15, (4, 7)), (21, (1, 4)), (21, (3, 2))]
[(10, (5, 11)), (15, (4, 7)), (21, (1, 4)), (21, (3, 2))]
[(9, (6, 11)), (15, (4, 7)), (21, (1, 4)), (21, (3, 2))]
[(9, (6, 11)), (11, (4, 11)), (15, (4, 7)), (21, (1, 4)), (21, (3, 2))]
[(8, (7, 11)), (11, (4, 11)), (15, (4, 7)), (21, (1, 4)), (21, (3, 2))]
[(7, (8, 11)), (11, (4, 11)), (15, (4, 7)), (21, (1, 4)), (21, (3, 2))]
[(6, (9, 11)), (11, (4, 11)), (15, (4, 7)), (21, (1, 4)), (21, (3, 2))]
[(6, (9, 11)), (8, (8, 10)), (11, (4, 11)), (15, (4, 7)), (21, (1, 4)), (21, (3, 2))]
[(5, (10, 11)), (8, (8, 10)), (11, (4, 11)), (15, (4, 7)), (21, (1, 4)), (21, (3, 2))]
[(4, (11, 11)), (8, (8, 10)), (11, (4, 11)), (15, (4, 7)), (21, (1, 4)), (21, (3, 2))]
[(5, (11, 10)), (8, (8, 10)), (11, (4, 11)), (15, (4, 7)), (21, (1, 4)), (21, (3, 2))]
[(6, (11, 9)), (8, (8, 10)), (11, (4, 11)), (15, (4, 7)), (21, (1, 4)), (21, (3, 2))]
[(7, (10, 9)), (8, (8, 10)), (11, (4, 11)), (15, (4, 7)), (21, (1, 4)), (21, (3, 2))]
[(8, (8, 10)), (8, (9, 9)), (11, (4, 11)), (15, (4, 7)), (21, (1, 4)), (21, (3, 2))]
[(8, (9, 9)), (9, (8, 9)), (11, (4, 11)), (15, (4, 7)), (21, (1, 4)), (21, (3, 2))]
[(9, (8, 9)), (9, (8, 9)), (11, (4, 11)), (15, (4, 7)), (21, (1, 4)), (21, (3, 2))]
[(9, (8, 9)), (10, (7, 9)), (11, (4, 11)), (15, (4, 7)), (21, (1, 4)), (21, (3, 2))]
[(10, (7, 9)), (10, (7, 9)), (11, (4, 11)), (15, (4, 7)), (21, (1, 4)), (21, (3, 2))]
[(10, (7, 9)), (11, (4, 11)), (11, (7, 8)), (15, (4, 7)), (21, (1, 4)), (21, (3, 2))]
[(11, (4, 11)), (11, (7, 8)), (11, (7, 8)), (15, (4, 7)), (21, (1, 4)), (21, (3, 2))]
[(11, (7, 8)), (11, (7, 8)), (12, (3, 11)), (15, (4, 7)), (21, (1, 4)), (21, (3, 2))]
[(11, (7, 8)), (12, (3, 11)), (12, (7, 7)), (15, (4, 7)), (21, (1, 4)), (21, (3, 2))]
[(12, (3, 11)), (12, (7, 7)), (12, (7, 7)), (15, (4, 7)), (21, (1, 4)), (21, (3, 2))]
[(11, (8, 7)), (12, (7, 7)), (15, (4, 7)), (21, (1, 4)), (21, (3, 2))]
[(10, (9, 7)), (12, (7, 7)), (15, (4, 7)), (21, (1, 4)), (21, (3, 2))]
[(9, (10, 7)), (12, (7, 7)), (15, (4, 7)), (21, (1, 4)), (21, (3, 2))]
[(8, (11, 7)), (12, (7, 7)), (15, (4, 7)), (21, (1, 4)), (21, (3, 2))]
[(9, (11, 6)), (12, (7, 7)), (15, (4, 7)), (21, (1, 4)), (21, (3, 2))]
[(10, (11, 5)), (12, (7, 7)), (15, (4, 7)), (21, (1, 4)), (21, (3, 2))]
[(11, (10, 5)), (12, (7, 7)), (15, (4, 7)), (21, (1, 4)), (21, (3, 2))]
[(12, (7, 7)), (12, (9, 5)), (15, (4, 7)), (21, (1, 4)), (21, (3, 2))]
[(13, (8, 5)), (15, (4, 7)), (21, (1, 4)), (21, (3, 2))]
[(13, (8, 5)), (13, (9, 4)), (15, (4, 7)), (21, (1, 4)), (21, (3, 2))]
[(13, (9, 4)), (14, (7, 5)), (15, (4, 7)), (21, (1, 4)), (21, (3, 2))]
[(14, (7, 5)), (14, (9, 3)), (15, (4, 7)), (21, (1, 4)), (21, (3, 2))]
[(13, (10, 3)), (15, (4, 7)), (21, (1, 4)), (21, (3, 2))]
[(12, (11, 3)), (15, (4, 7)), (21, (1, 4)), (21, (3, 2))]
[(11, (12, 3)), (15, (4, 7)), (21, (1, 4)), (21, (3, 2))]
[(10, (13, 3)), (15, (4, 7)), (21, (1, 4)), (21, (3, 2))]
[(9, (13, 4)), (15, (4, 7)), (21, (1, 4)), (21, (3, 2))]
[(9, (13, 4)), (11, (13, 2)), (15, (4, 7)), (21, (1, 4)), (21, (3, 2))]
[(8, (13, 5)), (11, (13, 2)), (15, (4, 7)), (21, (1, 4)), (21, (3, 2))]
[(7, (13, 6)), (11, (13, 2)), (15, (4, 7)), (21, (1, 4)), (21, (3, 2))]
[(6, (13, 7)), (11, (13, 2)), (15, (4, 7)), (21, (1, 4)), (21, (3, 2))]
[(5, (13, 8)), (11, (13, 2)), (15, (4, 7)), (21, (1, 4)), (21, (3, 2))]
[(4, (13, 9)), (11, (13, 2)), (15, (4, 7)), (21, (1, 4)), (21, (3, 2))]
[(3, (13, 10)), (11, (13, 2)), (15, (4, 7)), (21, (1, 4)), (21, (3, 2))]
[(2, (13, 11)), (11, (13, 2)), (15, (4, 7)), (21, (1, 4)), (21, (3, 2))]
[(1, (13, 12)), (11, (13, 2)), (15, (4, 7)), (21, (1, 4)), (21, (3, 2))]
[(0, (13, 13)), (11, (13, 2)), (15, (4, 7)), (21, (1, 4)), (21, (3, 2))]
