[(240, 0, 240, (1, 1))]
[(231, 1, 230, (1, 2))]
[(222, 2, 220, (1, 3))]
[(213, 3, 210, (2, 3)), (213, 3, 210, (1, 4))]
[(204, 4, 200, (3, 3)), (213, 3, 210, (1, 4))]
[(195, 5, 190, (4, 3)), (213, 3, 210, (1, 4)), (215, 5, 210, (3, 2))]
[(186, 6, 180, (5, 3)), (213, 3, 210, (1, 4)), (215, 5, 210, (3, 2))]
[(177, 7, 170, (6, 3)), (177, 7, 170, (5, 4)), (213, 3, 210, (1, 4)), (215, 5, 210, (3, 2))]
[(168, 8, 160, (7, 3)), (177, 7, 170, (5, 4)), (213, 3, 210, (1, 4)), (215, 5, 210, (3, 2))]
[(177, 7, 170, (5, 4)), (213, 3, 210, (1, 4)), (215, 5, 210, (3, 2))]
[(168, 8, 160, (5, 5)), (213, 3, 210, (1, 4)), (215, 5, 210, (3, 2))]
[(159, 9, 150, (5, 6)), (213, 3, 210, (1, 4)), (215, 5, 210, (3, 2))]
[(150, 10, 140, (5, 7)), (213, 3, 210, (1, 4)), (215, 5, 210, (3, 2))]
[(141, 11, 130, (5, 8)), (161, 11, 150, (4, 7)), (213, 3, 210, (1, 4)), (215, 5, 210, (3, 2))]
[(132, 12, 120, (5, 9)), (161, 11, 150, (4, 7)), (213, 3, 210, (1, 4)), (215, 5, 210, (3, 2))]
[(123, 13, 110, (5, 10)), (161, 11, 150, (4, 7)), (213, 3, 210, (1, 4)), (215, 5, 210, (3, 2))]
[(114, 14, 100, (5, 11)), (161, 11, 150, (4, 7)), (213, 3, 210, (1, 4)), (215, 5, 210, (3, 2))]
[(105, 15, 90, (6, 11)), (125, 15, 110, (4, 11)), (161, 11, 150, (4, 7)), (213, 3, 210, (1, 4)), (215, 5, 210, (3, 2))]
[(96, 16, 80, (7, 11)), (125, 15, 110, (4, 11)), (161, 11, 150, (4, 7)), (213, 3, 210, (1, 4)), (215, 5, 210, (3, 2))]
[(87, 17, 70, (8, 11)), (125, 15, 110, (4, 11)), (161, 11, 150, (4, 7)), (213, 3, 210, (1, 4)), (215, 5, 210, (3, 2))]
[(78, 18, 60, (9, 11)), (98, 18, 80, (8, 10)), (125, 15, 110, (4, 11)), (161, 11, 150, (4, 7)), (213, 3, 210, (1, 4)), (215, 5, 210, (3, 2))]
[(69, 19, 50, (10, 11)), (98, 18, 80, (8, 10)), (125, 15, 110, (4, 11)), (161, 11, 150, (4, 7)), (213, 3, 210, (1, 4)), (215, 5, 210, (3, 2))]
[(60, 20, 40, (11, 11)), (98, 18, 80, (8, 10)), (125, 15, 110, (4, 11)), (161, 11, 150, (4, 7)), (213, 3, 210, (1, 4)), (215, 5, 210, (3, 2))]
[(71, 21, 50, (11, 10)), (98, 18, 80, (8, 10)), (125, 15, 110, (4, 11)), (161, 11, 150, (4, 7)), (213, 3, 210, (1, 4)), (215, 5, 210, (3, 2))]
[(82, 22, 60, (11, 9)), (98, 18, 80, (8, 10)), (125, 15, 110, (4, 11)), (161, 11, 150, (4, 7)), (213, 3, 210, (1, 4)), (215, 5, 210, (3, 2))]
[(93, 23, 70, (10, 9)), (98, 18, 80, (8, 10)), (125, 15, 110, (4, 11)), (161, 11, 150, (4, 7)), (213, 3, 210, (1, 4)), (215, 5, 210, (3, 2))]
[(98, 18, 80, (8, 10)), (104, 24, 80, (9, 9)), (125, 15, 110, (4, 11)), (161, 11, 150, (4, 7)), (213, 3, 210, (1, 4)), (215, 5, 210, (3, 2))]
[(104, 24, 80, (9, 9)), (109, 19, 90, (8, 9)), (125, 15, 110, (4, 11)), (161, 11, 150, (4, 7)), (213, 3, 210, (1, 4)), (215, 5, 210, (3, 2))]
[(109, 19, 90, (8, 9)), (125, 15, 110, (4, 11)), (161, 11, 150, (4, 7)), (213, 3, 210, (1, 4)), (215, 5, 210, (3, 2))]
[(120, 20, 100, (7, 9)), (125, 15, 110, (4, 11)), (161, 11, 150, (4, 7)), (213, 3, 210, (1, 4)), (215, 5, 210, (3, 2))]
[(125, 15, 110, (4, 11)), (131, 21, 110, (7, 8)), (161, 11, 150, (4, 7)), (213, 3, 210, (1, 4)), (215, 5, 210, (3, 2))]
[(131, 21, 110, (7, 8)), (136, 16, 120, (3, 11)), (161, 11, 150, (4, 7)), (213, 3, 210, (1, 4)), (215, 5, 210, (3, 2))]
[(136, 16, 120, (3, 11)), (142, 22, 120, (7, 7)), (161, 11, 150, (4, 7)), (213, 3, 210, (1, 4)), (215, 5, 210, (3, 2))]
[(142, 22, 120, (7, 7)), (161, 11, 150, (4, 7)), (213, 3, 210, (1, 4)), (215, 5, 210, (3, 2))]
[(133, 23, 110, (8, 7)), (161, 11, 150, (4, 7)), (213, 3, 210, (1, 4)), (215, 5, 210, (3, 2))]
[(124, 24, 100, (9, 7)), (161, 11, 150, (4, 7)), (213, 3, 210, (1, 4)), (215, 5, 210, (3, 2))]
[(115, 25, 90, (10, 7)), (161, 11, 150, (4, 7)), (213, 3, 210, (1, 4)), (215, 5, 210, (3, 2))]
[(106, 26, 80, (11, 7)), (161, 11, 150, (4, 7)), (213, 3, 210, (1, 4)), (215, 5, 210, (3, 2))]
[(117, 27, 90, (11, 6)), (161, 11, 150, (4, 7)), (213, 3, 210, (1, 4)), (215, 5, 210, (3, 2))]
[(128, 28, 100, (11, 5)), (161, 11, 150, (4, 7)), (213, 3, 210, (1, 4)), (215, 5, 210, (3, 2))]
[(139, 29, 110, (10, 5)), (161, 11, 150, (4, 7)), (213, 3, 210, (1, 4)), (215, 5, 210, (3, 2))]
[(150, 30, 120, (9, 5)), (161, 11, 150, (4, 7)), (213, 3, 210, (1, 4)), (215, 5, 210, (3, 2))]
[(161, 11, 150, (4, 7)), (161, 31, 130, (8, 5)), (161, 31, 130, (9, 4)), (213, 3, 210, (1, 4)), (215, 5, 210, (3, 2))]
[(161, 31, 130, (8, 5)), (161, 31, 130, (9, 4)), (172, 12, 160, (3, 7)), (213, 3, 210, (1, 4)), (215, 5, 210, (3, 2))]
[(161, 31, 130, (9, 4)), (172, 12, 160, (3, 7)), (172, 32, 140, (7, 5)), (213, 3, 210, (1, 4)), (215, 5, 210, (3, 2))]
[(172, 12, 160, (3, 7)), (172, 32, 140, (7, 5)), (172, 32, 140, (9, 3)), (213, 3, 210, (1, 4)), (215, 5, 210, (3, 2))]
[(163, 13, 150, (3, 8)), (172, 32, 140, (7, 5)), (172, 32, 140, (9, 3)), (183, 13, 170, (3, 6)), (213, 3, 210, (1, 4)), (215, 5, 210, (3, 2))]
[(154, 14, 140, (3, 9)), (172, 32, 140, (7, 5)), (172, 32, 140, (9, 3)), (183, 13, 170, (3, 6)), (213, 3, 210, (1, 4)), (215, 5, 210, (3, 2))]
[(172, 32, 140, (7, 5)), (172, 32, 140, (9, 3)), (183, 13, 170, (3, 6)), (213, 3, 210, (1, 4)), (215, 5, 210, (3, 2))]
[(172, 32, 140, (9, 3)), (183, 13, 170, (3, 6)), (213, 3, 210, (1, 4)), (215, 5, 210, (3, 2))]
[(163, 33, 130, (10, 3)), (183, 13, 170, (3, 6)), (213, 3, 210, (1, 4)), (215, 5, 210, (3, 2))]
[(154, 34, 120, (11, 3)), (183, 13, 170, (3, 6)), (213, 3, 210, (1, 4)), (215, 5, 210, (3, 2))]
[(145, 35, 110, (12, 3)), (183, 13, 170, (3, 6)), (213, 3, 210, (1, 4)), (215, 5, 210, (3, 2))]
[(136, 36, 100, (13, 3)), (183, 13, 170, (3, 6)), (213, 3, 210, (1, 4)), (215, 5, 210, (3, 2))]
[(127, 37, 90, (13, 4)), (147, 37, 110, (13, 2)), (183, 13, 170, (3, 6)), (213, 3, 210, (1, 4)), (215, 5, 210, (3, 2))]
[(118, 38, 80, (13, 5)), (147, 37, 110, (13, 2)), (183, 13, 170, (3, 6)), (213, 3, 210, (1, 4)), (215, 5, 210, (3, 2))]
[(109, 39, 70, (13, 6)), (147, 37, 110, (13, 2)), (183, 13, 170, (3, 6)), (213, 3, 210, (1, 4)), (215, 5, 210, (3, 2))]
[(100, 40, 60, (13, 7)), (147, 37, 110, (13, 2)), (183, 13, 170, (3, 6)), (213, 3, 210, (1, 4)), (215, 5, 210, (3, 2))]
[(91, 41, 50, (13, 8)), (147, 37, 110, (13, 2)), (183, 13, 170, (3, 6)), (213, 3, 210, (1, 4)), (215, 5, 210, (3, 2))]
[(82, 42, 40, (13, 9)), (147, 37, 110, (13, 2)), (183, 13, 170, (3, 6)), (213, 3, 210, (1, 4)), (215, 5, 210, (3, 2))]
[(73, 43, 30, (13, 10)), (147, 37, 110, (13, 2)), (183, 13, 170, (3, 6)), (213, 3, 210, (1, 4)), (215, 5, 210, (3, 2))]
[(64, 44, 20, (13, 11)), (147, 37, 110, (13, 2)), (183, 13, 170, (3, 6)), (213, 3, 210, (1, 4)), (215, 5, 210, (3, 2))]
[(55, 45, 10, (13, 12)), (147, 37, 110, (13, 2)), (183, 13, 170, (3, 6)), (213, 3, 210, (1, 4)), (215, 5, 210, (3, 2))]
[(46, 46, 0, (13, 13)), (147, 37, 110, (13, 2)), (183, 13, 170, (3, 6)), (213, 3, 210, (1, 4)), (215, 5, 210, (3, 2))]
